% name: utt1
% type: matrix
% rows: 15104
% columns: 1
 2
 3
 0
 0
 1
 1
 -3
 -1
 1
 0
 -1
 -2
 -2
 0
 0
 1
 0
 0
 1
 0
 1
 3
 0
 0
 0
 0
 0  
 3
 3
 0
 1
 1
 1
 -1
 -1
 1
 0
 0
 -2
 0
 -2
 0
 0
 -1
 -1
 0
 0
 2
 -1
 -1
 0
 0
 -1
 0
 0
 0
 -1
 -1
 -2
 1
 -1
 0
 -2
 -2
 -2
 -1
 0
 -2
 -3
 -1
 -2
 -2
 1
 -1
 -1
 0
 -2
 -4
 -2
 -2
 -1
 -1
 0
 -1
 -1
 -2
 0
 2
 0
 -2
 -2
 -1
 -1
 0
 0
 -2
 0
 -2
 1
 0
 1
 -1
 0
 0
 -1
 0
 0
 1
 -1
 0
 0
 -2
 0
 2
 1
 0
 2
 2
 0
 2
 1
 1
 3
 3
 4
 3
 3
 3
 4
 3
 2
 2
 5
 4
 3
 3
 5
 4
 4
 2
 3
 2
 3
 4
 3
 4
 2
 2
 3
 4
 3
 2
 3
 3
 3
 4
 4
 4
 4
 5
 6
 5
 4
 7
 5
 6
 6
 8
 6
 8
 6
 6
 7
 6
 8
 7
 7
 10
 9
 5
 6
 5
 5
 6
 5
 7
 5
 3
 4
 6
 4
 5
 5
 3
 5
 6
 5
 3
 5
 6
 4
 6
 4
 3
 3
 3
 5
 4
 3
 4
 3
 3
 4
 4
 3
 3
 3
 3
 3
 3
 3
 1
 2
 3
 3
 2
 1
 1
 1
 1
 3
 1
 0
 2
 0
 0
 0
 1
 0
 1
 0
 1
 1
 -1
 0
 3
 1
 -2
 1
 0
 -2
 0
 0
 -2
 0
 0
 -2
 -2
 -1
 -1
 0
 1
 -2
 -2
 -1
 -2
 -1
 -2
 -1
 -2
 -2
 -1
 -2
 -1
 -1
 -3
 -2
 -2
 -2
 -2
 -2
 -2
 -6
 -1
 -2
 -2
 0
 -1
 0
 -2
 -3
 -2
 -3
 -3
 -1
 -4
 -3
 -1
 0
 -2
 -3
 -3
 -1
 -2
 -2
 -1
 -2
 0
 -1
 -2
 -1
 -1
 0
 2
 2
 3
 2
 0
 2
 0
 1
 0
 0
 0
 1
 -1
 -2
 1
 0
 0
 -1
 -1
 -1
 -1
 -1
 3
 -1
 0
 -1
 -2
 -2
 -2
 -1
 -2
 -4
 -1
 3
 0
 0
 1
 0
 2
 0
 1
 2
 2
 0
 0
 2
 3
 0
 0
 3
 2
 2
 2
 0
 -1
 0
 1
 0
 1
 0
 1
 1
 -1
 0
 1
 -3
 0
 1
 1
 0
 2
 2
 0
 -2
 -3
 -2
 -1
 -1
 -2
 0
 -4
 -1
 0
 0
 1
 -2
 -1
 0
 0
 -2
 0
 -2
 -2
 -1
 0
 -2
 -2
 0
 -2
 -2
 -2
 -1
 -3
 -2
 -1
 -1
 1
 -2
 -2
 0
 -3
 -1
 0
 -3
 -1
 0
 0
 0
 0
 1
 0
 1
 1
 0
 -1
 0
 -1
 2
 0
 1
 -3
 -1
 0
 0
 0
 0
 0
 0
 0
 0
 -1
 -1
 -1
 -1
 -3
 -3
 -3
 -1
 -1
 -3
 -3
 -2
 -1
 -3
 -1
 -2
 0
 -2
 -2
 -1
 -2
 -1
 1
 0
 0
 0
 2
 2
 3
 2
 1
 2
 3
 3
 5
 3
 5
 7
 7
 9
 8
 6
 6
 7
 6
 8
 6
 7
 6
 9
 7
 5
 7
 6
 6
 5
 6
 6
 3
 2
 3
 3
 1
 3
 1
 1
 3
 0
 1
 1
 0
 0
 1
 1
 0
 0
 0
 0
 0
 2
 0
 1
 1
 2
 2
 2
 2
 4
 2
 3
 2
 4
 4
 4
 3
 3
 5
 4
 4
 4
 4
 4
 4
 2
 2
 3
 4
 2
 1
 0
 2
 1
 0
 1
 -2
 1
 -1
 -2
 -1
 -1
 -1
 -1
 -1
 -3
 -2
 -2
 -3
 -2
 -3
 -3
 -3
 -2
 -4
 -3
 -3
 -3
 -2
 -2
 -3
 -2
 -3
 -2
 -1
 -2
 -1
 -1
 -2
 -3
 -3
 -1
 -2
 -2
 -2
 -1
 0
 -2
 -1
 -1
 -2
 -2
 0
 -2
 -2
 -1
 -2
 -3
 -1
 -4
 -1
 -2
 -4
 -3
 -2
 -2
 -3
 -3
 -1
 -2
 -3
 -3
 -2
 -3
 -2
 -3
 -2
 -3
 -3
 -1
 -1
 -1
 1
 -1
 1
 1
 1
 -1
 1
 0
 1
 2
 2
 -1
 0
 3
 -1
 -1
 -1
 -2
 -2
 -1
 -1
 -4
 -3
 -2
 -2
 -3
 -1
 -1
 -2
 -2
 -1
 -6
 -3
 -4
 -1
 -1
 0
 0
 -1
 0
 0
 1
 -1
 0
 0
 0
 0
 3
 0
 1
 1
 0
 0
 3
 0
 1
 0
 1
 1
 3
 3
 5
 3
 3
 1
 3
 2
 1
 2
 1
 2
 2
 2
 0
 0
 1
 3
 3
 0
 2
 0
 1
 1
 2
 0
 1
 2
 -1
 1
 2
 1
 0
 0
 0
 0
 -1
 0
 1
 3
 0
 3
 0
 3
 1
 1
 3
 5
 3
 2
 -6
 -8
 -9
 -4
 -7
 -11
 -12
 -2
 -1
 -6
 -1
 2
 -1
 3
 7
 6
 5
 7
 4
 4
 7
 8
 8
 8
 10
 12
 11
 15
 12
 14
 15
 13
 11
 10
 8
 7
 4
 5
 3
 1
 1
 2
 -4
 -5
 -2
 -6
 -9
 -13
 -13
 -13
 -15
 -14
 -17
 -17
 -15
 -12
 -14
 -15
 -13
 -12
 -10
 -10
 -7
 -6
 -6
 -1
 -1
 3
 6
 8
 8
 9
 12
 13
 13
 14
 16
 15
 16
 15
 14
 13
 11
 12
 12
 9
 10
 8
 6
 4
 1
 1
 -1
 -2
 -6
 -6
 -7
 -7
 -9
 -7
 -8
 -8
 -8
 -7
 -9
 -3
 -6
 -2
 -1
 0
 2
 2
 0
 4
 4
 3
 6
 6
 8
 6
 8
 8
 9
 9
 9
 6
 8
 7
 6
 6
 6
 6
 5
 3
 2
 3
 2
 1
 -1
 0
 0
 0
 0
 -3
 -3
 -2
 -3
 -3
 -3
 -2
 -2
 -2
 -2
 -3
 -4
 -2
 -1
 -2
 0
 -2
 1
 -2
 -1
 0
 0
 0
 1
 1
 1
 -1
 0
 0
 1
 -2
 -1
 0
 -1
 -1
 -1
 -1
 -1
 -2
 0
 -2
 -3
 -1
 -4
 -3
 -2
 -2
 -2
 -2
 -2
 -1
 -1
 -1
 -2
 -3
 0
 -2
 -2
 -2
 -2
 -2
 -1
 -3
 -3
 -1
 0
 0
 -1
 0
 1
 -1
 -1
 -2
 -1
 -1
 -1
 0
 0
 0
 2
 1
 1
 2
 3
 4
 2
 3
 2
 5
 3
 4
 0
 3
 2
 3
 3
 3
 1
 2
 1
 0
 1
 1
 2
 2
 2
 1
 0
 3
 3
 1
 0
 0
 0
 2
 3
 2
 3
 4
 3
 2
 4
 3
 0
 2
 0
 3
 2
 1
 -1
 2
 2
 3
 3
 2
 3
 1
 5
 3
 3
 2
 3
 4
 3
 4
 1
 3
 3
 3
 3
 4
 4
 3
 3
 3
 4
 3
 3
 2
 3
 3
 2
 0
 1
 1
 4
 2
 2
 1
 -1
 1
 3
 1
 2
 0
 0
 2
 1
 0
 0
 -1
 0
 0
 1
 -1
 1
 0
 0
 1
 2
 1
 3
 2
 0
 1
 0
 2
 0
 3
 4
 2
 3
 1
 0
 3
 1
 3
 3
 2
 1
 0
 0
 2
 1
 1
 1
 0
 1
 1
 0
 1
 0
 0
 -1
 0
 -2
 0
 0
 0
 -1
 -3
 0
 -1
 -1
 -1
 -2
 -2
 0
 -1
 0
 -2
 -1
 -1
 -3
 -2
 -1
 -2
 -2
 -2
 0
 -2
 -2
 0
 -1
 0
 -2
 -1
 0
 -2
 1
 1
 0
 3
 1
 2
 2
 1
 0
 2
 2
 2
 3
 3
 3
 2
 3
 3
 3
 2
 3
 -2
 0
 0
 0
 0
 1
 -1
 2
 0
 1
 0
 1
 2
 2
 0
 0
 1
 0
 0
 0
 1
 1
 -1
 1
 -1
 2
 -1
 3
 1
 2
 1
 1
 1
 1
 0
 3
 0
 0
 2
 1
 0
 3
 1
 2
 -1
 2
 1
 -1
 -1
 2
 0
 1
 0
 0
 0
 0
 0
 1
 0
 0
 0
 -1
 -2
 -1
 -1
 1
 0
 -1
 1
 -2
 -1
 0
 -2
 -1
 -1
 0
 -1
 -2
 0
 -1
 -2
 -2
 -1
 -1
 -2
 0
 -3
 -2
 -1
 -1
 -1
 -2
 -1
 -2
 -2
 -3
 -2
 -1
 -2
 -3
 0
 -1
 -3
 -1
 -1
 -3
 -1
 -2
 -2
 0
 -1
 -1
 -1
 -2
 0
 -1
 -1
 -1
 0
 -1
 -1
 -2
 0
 -1
 1
 1
 -1
 2
 1
 0
 1
 0
 2
 3
 2
 2
 3
 2
 2
 4
 4
 2
 3
 3
 3
 3
 2
 3
 1
 0
 0
 0
 2
 0
 0
 0
 1
 0
 2
 -1
 1
 1
 2
 -1
 0
 1
 3
 2
 4
 3
 4
 4
 5
 3
 4
 3
 3
 4
 5
 4
 4
 4
 5
 5
 3
 4
 4
 4
 3
 3
 5
 4
 2
 4
 3
 4
 3
 2
 3
 5
 4
 2
 3
 4
 6
 4
 4
 3
 3
 4
 4
 3
 4
 5
 4
 5
 4
 5
 3
 4
 3
 4
 3
 3
 5
 3
 3
 2
 3
 3
 3
 1
 1
 1
 2
 3
 1
 2
 1
 -2
 1
 0
 0
 0
 -1
 1
 0
 0
 3
 0
 -2
 -4
 -6
 -3
 -2
 -4
 0
 -4
 3
 -2
 2
 -1
 1
 0
 2
 1
 3
 3
 4
 3
 4
 4
 5
 3
 5
 4
 3
 3
 4
 4
 2
 2
 2
 3
 1
 0
 0
 3
 1
 0
 0
 -1
 1
 0
 0
 -2
 -1
 -1
 -2
 -1
 -3
 -3
 0
 -2
 -1
 -1
 0
 0
 0
 0
 0
 1
 2
 3
 3
 3
 3
 3
 3
 3
 6
 5
 4
 6
 8
 8
 7
 7
 7
 9
 8
 7
 4
 3
 5
 5
 3
 4
 3
 4
 3
 3
 3
 2
 3
 1
 2
 2
 2
 2
 3
 3
 1
 3
 3
 3
 1
 3
 3
 2
 1
 3
 3
 5
 4
 4
 5
 4
 5
 4
 4
 4
 2
 3
 5
 3
 5
 4
 2
 2
 3
 4
 3
 1
 3
 2
 4
 2
 1
 1
 1
 1
 2
 1
 1
 -1
 0
 -1
 0
 -1
 1
 0
 -2
 0
 -1
 -1
 0
 -2
 -2
 -1
 -2
 -2
 0
 -1
 0
 0
 -4
 -2
 -2
 -2
 -1
 0
 -1
 -3
 0
 -4
 -3
 -1
 -1
 -3
 -2
 -2
 -4
 -4
 -2
 -3
 -3
 -2
 -3
 -2
 -4
 -4
 -2
 -2
 -3
 -6
 -4
 -6
 -2
 -7
 -6
 -7
 -6
 -6
 -4
 -3
 -2
 -3
 -3
 -3
 -1
 -2
 -2
 -3
 -2
 -1
 0
 0
 -1
 -2
 -1
 -1
 -2
 -1
 0
 -1
 -2
 0
 -7
 -4
 -6
 -2
 -6
 -3
 -3
 -1
 1
 0
 -3
 -2
 -1
 -2
 -3
 -3
 -4
 -6
 -4
 -4
 -1
 -2
 1
 1
 -1
 0
 2
 1
 2
 -1
 0
 0
 2
 2
 1
 0
 2
 1
 -1
 0
 1
 1
 0
 1
 1
 0
 -1
 0
 2
 -1
 0
 0
 0
 0
 1
 1
 -2
 0
 0
 -1
 -1
 0
 1
 -1
 0
 2
 0
 1
 0
 0
 0
 -1
 1
 0
 0
 0
 -2
 0
 0
 -1
 1
 -1
 -1
 -1
 0
 0
 -1
 0
 1
 0
 -1
 0
 0
 0
 0
 -2
 -1
 -1
 -1
 -1
 -1
 0
 -2
 -1
 -1
 0
 1
 -1
 -2
 -1
 -3
 0
 0
 1
 1
 1
 2
 2
 -1
 -1
 0
 -2
 -2
 -1
 -2
 -2
 0
 -1
 0
 2
 0
 1
 3
 2
 3
 0
 -1
 -2
 -3
 -2
 -1
 -1
 0
 -3
 -1
 -2
 -1
 -1
 -1
 0
 -1
 -3
 0
 -1
 1
 1
 0
 -3
 -2
 -2
 -4
 -2
 0
 -2
 -1
 0
 1
 3
 2
 1
 3
 3
 2
 2
 4
 3
 4
 5
 3
 3
 5
 4
 3
 4
 4
 3
 2
 3
 2
 3
 3
 3
 2
 3
 5
 3
 2
 3
 1
 2
 4
 1
 5
 2
 3
 4
 3
 3
 3
 4
 3
 3
 4
 3
 3
 4
 3
 3
 4
 4
 5
 4
 3
 3
 5
 5
 6
 4
 2
 4
 5
 2
 2
 3
 2
 3
 5
 3
 3
 4
 3
 6
 4
 3
 5
 5
 4
 5
 3
 4
 2
 3
 4
 5
 4
 3
 4
 4
 1
 3
 3
 3
 1
 2
 1
 2
 4
 2
 3
 1
 1
 0
 2
 2
 1
 1
 1
 0
 0
 3
 2
 0
 1
 0
 2
 1
 1
 1
 1
 1
 2
 1
 0
 1
 0
 0
 0
 0
 1
 1
 1
 1
 -1
 2
 2
 1
 -1
 0
 1
 -1
 0
 -1
 0
 1
 3
 1
 0
 3
 1
 3
 1
 3
 2
 2
 1
 0
 2
 2
 3
 0
 3
 0
 3
 1
 -1
 0
 1
 1
 -1
 1
 -1
 0
 -1
 -1
 -2
 -1
 -1
 1
 -1
 -2
 -1
 1
 3
 0
 1
 1
 1
 2
 3
 3
 1
 3
 3
 0
 0
 1
 0
 1
 1
 4
 3
 3
 4
 4
 4
 2
 2
 1
 1
 0
 -1
 1
 3
 1
 1
 3
 3
 4
 4
 2
 2
 3
 3
 3
 1
 2
 1
 2
 1
 2
 2
 1
 4
 4
 1
 3
 4
 3
 2
 0
 0
 3
 0
 1
 5
 3
 3
 2
 3
 2
 3
 3
 2
 3
 1
 4
 2
 2
 1
 1
 2
 3
 1
 3
 2
 3
 3
 4
 1
 2
 1
 2
 0
 2
 -1
 0
 3
 2
 3
 1
 2
 0
 3
 0
 0
 1
 0
 2
 2
 1
 0
 1
 1
 1
 0
 0
 0
 -2
 0
 1
 0
 0
 -1
 -1
 0
 0
 1
 0
 -1
 0
 0
 -2
 -1
 -3
 -1
 -1
 -3
 -2
 -2
 0
 -2
 -2
 -1
 -2
 -2
 -1
 -2
 1
 -1
 1
 1
 1
 0
 -1
 2
 1
 3
 3
 3
 3
 1
 3
 2
 3
 5
 2
 3
 1
 0
 1
 1
 0
 0
 0
 2
 2
 1
 0
 1
 0
 2
 1
 2
 2
 2
 0
 0
 2
 1
 0
 0
 3
 0
 2
 2
 1
 3
 1
 3
 2
 1
 1
 3
 4
 3
 3
 3
 0
 4
 3
 2
 0
 3
 3
 2
 2
 1
 1
 3
 2
 2
 1
 2
 3
 3
 4
 4
 1
 3
 2
 2
 1
 2
 4
 3
 1
 2
 1
 0
 1
 2
 1
 2
 2
 2
 3
 0
 1
 2
 3
 1
 2
 2
 1
 2
 1
 -1
 0
 1
 0
 1
 1
 1
 0
 2
 1
 1
 0
 1
 1
 1
 2
 0
 0
 1
 0
 1
 -1
 1
 1
 0
 2
 1
 2
 3
 2
 2
 3
 1
 0
 0
 1
 1
 1
 1
 2
 2
 2
 3
 2
 4
 2
 4
 1
 4
 3
 4
 3
 2
 2
 2
 4
 3
 1
 1
 2
 0
 2
 1
 0
 -1
 0
 1
 1
 0
 0
 3
 1
 -1
 0
 -1
 1
 1
 2
 0
 1
 4
 4
 2
 1
 2
 3
 3
 4
 3
 4
 3
 2
 1
 3
 2
 3
 -1
 3
 2
 1
 2
 0
 3
 0
 2
 2
 3
 1
 1
 1
 3
 2
 0
 2
 0
 1
 0
 2
 1
 1
 -1
 0
 -1
 0
 -1
 2
 1
 0
 0
 0
 0
 -1
 -2
 -1
 0
 -1
 0
 0
 2
 0
 -2
 -1
 1
 0
 -1
 -2
 -2
 0
 -2
 1
 0
 2
 -2
 -1
 0
 -1
 0
 0
 -2
 -1
 -1
 1
 -1
 -1
 -1
 -2
 0
 -2
 -1
 -1
 0
 -2
 -1
 0
 -1
 -1
 -1
 -2
 -1
 -2
 0
 -2
 -4
 -1
 0
 -2
 -2
 -1
 -1
 -1
 0
 -1
 -2
 0
 -1
 0
 -1
 -1
 -2
 0
 -3
 -1
 -2
 -1
 -3
 -3
 -2
 -4
 -2
 -2
 -3
 -2
 -4
 -6
 -2
 -6
 -3
 -4
 -3
 -3
 -2
 -3
 -3
 0
 0
 0
 0
 0
 -1
 2
 2
 1
 0
 1
 1
 2
 1
 1
 1
 1
 0
 1
 1
 -1
 0
 -2
 -2
 -2
 0
 0
 -1
 1
 0
 0
 0
 0
 0
 0
 -1
 1
 -1
 -1
 0
 0
 0
 3
 0
 0
 0
 0
 0
 0
 1
 0
 0
 0
 -1
 2
 1
 1
 1
 1
 0
 0
 1
 3
 1
 0
 3
 2
 0
 2
 3
 0
 2
 3
 3
 3
 3
 3
 3
 3
 2
 0
 0
 3
 2
 1
 3
 1
 3
 3
 3
 1
 2
 2
 0
 0
 2
 2
 2
 1
 1
 3
 3
 2
 4
 1
 0
 1
 2
 1
 0
 1
 3
 3
 3
 2
 0
 0
 3
 1
 0
 0
 1
 1
 2
 0
 2
 1
 2
 1
 0
 3
 3
 1
 1
 2
 1
 2
 1
 1
 3
 1
 3
 0
 1
 3
 1
 1
 0
 2
 1
 2
 3
 3
 2
 1
 3
 2
 3
 4
 2
 3
 3
 3
 4
 2
 1
 1
 0
 1
 1
 1
 0
 -1
 -1
 0
 -2
 0
 0
 -2
 -1
 -2
 -1
 -2
 -2
 -2
 -2
 2
 0
 0
 0
 1
 0
 0
 -1
 0
 0
 -1
 2
 0
 0
 -1
 0
 0
 0
 0
 1
 -1
 -1
 1
 0
 0
 1
 0
 -1
 0
 0
 0
 -1
 1
 0
 -2
 -2
 -1
 -1
 -2
 -2
 -2
 -1
 -2
 -4
 -1
 -1
 -2
 0
 -4
 -1
 -1
 -1
 -4
 -1
 -3
 -1
 -2
 -1
 -2
 -2
 -1
 -2
 -2
 -1
 -3
 -3
 -1
 1
 -3
 0
 -1
 -2
 -1
 -2
 -2
 -2
 -2
 -2
 -1
 -1
 0
 -1
 -2
 0
 0
 0
 -2
 -2
 -1
 -2
 0
 -1
 -1
 -2
 -2
 0
 1
 -1
 1
 0
 -1
 0
 -1
 0
 0
 -1
 -1
 -1
 -1
 0
 0
 2
 1
 0
 -2
 -1
 0
 0
 1
 0
 1
 0
 0
 1
 1
 0
 -2
 -2
 -1
 -1
 0
 -2
 -4
 -2
 0
 0
 -3
 -2
 -1
 0
 -1
 0
 0
 -2
 1
 1
 0
 1
 0
 1
 1
 2
 3
 3
 3
 3
 3
 4
 3
 3
 3
 3
 4
 4
 5
 3
 0
 3
 3
 2
 3
 1
 1
 3
 1
 0
 1
 4
 3
 3
 4
 2
 3
 2
 3
 3
 3
 2
 4
 2
 3
 3
 3
 4
 3
 2
 3
 3
 1
 4
 3
 5
 4
 4
 3
 2
 3
 5
 4
 2
 3
 3
 5
 4
 3
 4
 4
 4
 3
 4
 4
 3
 3
 3
 3
 3
 3
 4
 3
 4
 3
 3
 3
 5
 5
 4
 3
 3
 6
 4
 4
 4
 4
 3
 3
 4
 4
 3
 3
 5
 4
 5
 4
 4
 3
 2
 4
 4
 3
 3
 4
 5
 5
 4
 3
 4
 5
 2
 4
 4
 3
 4
 3
 3
 6
 4
 3
 4
 3
 3
 3
 4
 4
 3
 3
 3
 5
 2
 4
 4
 1
 2
 2
 3
 4
 3
 4
 3
 5
 4
 4
 2
 4
 3
 3
 2
 3
 1
 2
 0
 -1
 -2
 1
 -1
 0
 -2
 -1
 0
 0
 -1
 -3
 -3
 -3
 -3
 -3
 -6
 -3
 -7
 -4
 -7
 -4
 -6
 -2
 -6
 -2
 -5
 -2
 -2
 -3
 -3
 -4
 -2
 -2
 -2
 -6
 -2
 -6
 -4
 -6
 -2
 -5
 -6
 -2
 -4
 -2
 -3
 -2
 -2
 -3
 -4
 -3
 -4
 -2
 -4
 -3
 -2
 -2
 -4
 -6
 -2
 -6
 -2
 -3
 -3
 -3
 -2
 -2
 -2
 -6
 -3
 -6
 -3
 -6
 -2
 -6
 -3
 -6
 -1
 -4
 -2
 -2
 -2
 -4
 -3
 -3
 -1
 -4
 -2
 -4
 -4
 -6
 -1
 -4
 -2
 -2
 -3
 -4
 -3
 -2
 -2
 -2
 -2
 -1
 -2
 -1
 0
 0
 -1
 -1
 -1
 0
 0
 1
 2
 1
 1
 -1
 -1
 1
 0
 0
 0
 1
 1
 -2
 0
 3
 1
 1
 1
 2
 0
 0
 1
 0
 1
 2
 0
 0
 0
 0
 0
 -1
 -1
 -1
 0
 2
 2
 2
 0
 -1
 -1
 0
 0
 -2
 1
 0
 -1
 0
 -1
 -1
 1
 0
 -1
 2
 1
 2
 0
 2
 1
 1
 1
 4
 4
 4
 4
 2
 4
 3
 3
 5
 3
 3
 4
 4
 3
 3
 0
 1
 3
 0
 1
 1
 2
 1
 0
 4
 3
 2
 3
 3
 2
 3
 2
 1
 1
 5
 3
 3
 3
 4
 6
 6
 5
 5
 7
 6
 5
 5
 5
 6
 7
 4
 7
 4
 7
 6
 5
 3
 5
 4
 6
 6
 5
 6
 7
 7
 7
 7
 7
 5
 6
 5
 5
 5
 5
 2
 3
 3
 4
 3
 3
 4
 4
 4
 6
 3
 3
 7
 6
 4
 6
 6
 3
 3
 6
 5
 4
 5
 3
 5
 3
 2
 3
 3
 3
 4
 4
 1
 3
 2
 6
 4
 5
 5
 4
 4
 3
 4
 5
 4
 3
 3
 2
 3
 3
 1
 3
 2
 2
 2
 2
 2
 2
 2
 1
 1
 3
 2
 3
 0
 3
 1
 3
 3
 3
 2
 1
 1
 1
 3
 0
 0
 0
 1
 0
 3
 2
 1
 0
 2
 2
 0
 2
 3
 1
 0
 1
 0
 0
 0
 0
 -2
 -3
 -1
 -3
 -4
 -6
 -6
 -7
 -8
 -6
 -9
 -6
 -3
 -4
 -3
 -4
 -1
 -2
 -2
 -3
 -6
 -3
 -4
 -3
 -6
 -6
 -8
 -8
 -8
 -10
 -8
 -9
 -8
 -8
 -10
 -9
 -8
 -8
 -9
 -9
 -8
 -8
 -6
 -6
 -4
 -5
 -4
 -5
 -6
 -7
 -7
 -8
 -8
 -9
 -7
 -9
 -7
 -9
 -9
 -7
 -4
 -3
 -4
 -2
 -1
 -2
 -3
 -1
 -4
 -2
 -4
 -3
 -3
 -4
 -6
 -6
 -6
 -8
 -6
 -7
 -6
 -6
 -4
 -3
 -2
 -2
 -1
 -2
 -1
 -1
 0
 0
 -1
 1
 -1
 -1
 0
 0
 0
 0
 0
 1
 1
 1
 4
 3
 4
 3
 3
 3
 2
 4
 5
 5
 4
 3
 3
 4
 4
 4
 4
 3
 4
 4
 4
 3
 3
 2
 4
 3
 2
 2
 1
 2
 1
 1
 1
 2
 3
 0
 2
 2
 1
 3
 0
 1
 2
 1
 0
 0
 1
 2
 3
 3
 4
 6
 3
 3
 5
 5
 5
 5
 6
 4
 5
 7
 7
 6
 7
 7
 6
 8
 7
 9
 8
 6
 7
 3
 4
 4
 3
 4
 4
 5
 4
 4
 4
 6
 6
 5
 7
 6
 6
 4
 5
 6
 6
 4
 7
 6
 7
 6
 5
 6
 5
 5
 7
 7
 7
 7
 7
 6
 5
 6
 6
 4
 6
 2
 4
 1
 2
 2
 2
 1
 2
 2
 1
 4
 3
 4
 6
 5
 5
 7
 6
 8
 9
 8
 8
 7
 7
 7
 6
 5
 6
 6
 4
 3
 4
 3
 3
 4
 3
 3
 3
 4
 3
 2
 3
 1
 4
 0
 3
 3
 2
 0
 2
 1
 0
 3
 2
 3
 3
 3
 4
 3
 3
 3
 3
 3
 3
 3
 1
 2
 0
 3
 0
 3
 3
 3
 0
 1
 3
 2
 4
 3
 4
 4
 3
 6
 5
 4
 4
 5
 4
 3
 1
 2
 0
 -1
 -2
 0
 1
 -1
 1
 0
 1
 1
 1
 1
 1
 0
 0
 -2
 -2
 -2
 -3
 -4
 -3
 -5
 -6
 -6
 -9
 -8
 -9
 -9
 -10
 -10
 -10
 -9
 -8
 -8
 -6
 -3
 -3
 -3
 -2
 0
 -2
 -2
 -1
 -1
 -3
 -3
 -4
 -4
 -6
 -6
 -9
 -9
 -10
 -9
 -9
 -9
 -10
 -8
 -9
 -9
 -7
 -6
 -7
 -8
 -7
 -6
 -8
 -6
 -8
 -8
 -8
 -10
 -11
 -11
 -10
 -10
 -12
 -11
 -10
 -11
 -10
 -9
 -9
 -4
 -4
 -2
 -3
 -2
 -2
 -3
 -3
 -1
 -2
 -1
 -2
 -4
 -2
 -4
 -6
 -4
 -6
 -6
 -4
 -7
 -6
 -7
 -7
 -3
 -4
 -3
 -2
 -2
 -2
 -3
 -1
 -3
 -3
 -2
 -4
 -3
 -2
 -2
 -2
 -2
 -2
 -1
 3
 1
 3
 2
 2
 3
 3
 3
 2
 3
 2
 0
 1
 -1
 0
 -1
 0
 1
 1
 0
 0
 1
 0
 0
 -1
 1
 2
 0
 -3
 0
 0
 0
 0
 -1
 0
 1
 -1
 0
 1
 -1
 1
 3
 2
 1
 0
 2
 0
 0
 2
 3
 2
 3
 3
 0
 2
 4
 3
 3
 3
 1
 3
 4
 3
 3
 3
 6
 5
 5
 6
 5
 6
 8
 7
 6
 5
 5
 3
 5
 4
 3
 3
 3
 4
 3
 3
 3
 0
 2
 0
 2
 1
 1
 1
 2
 1
 1
 1
 1
 2
 0
 1
 2
 2
 3
 3
 2
 5
 3
 5
 4
 6
 6
 6
 6
 4
 4
 4
 4
 4
 3
 4
 4
 4
 1
 1
 3
 2
 3
 3
 3
 4
 2
 2
 2
 1
 0
 1
 1
 1
 2
 -1
 2
 0
 2
 1
 2
 0
 2
 3
 2
 5
 4
 4
 4
 5
 3
 5
 6
 6
 5
 6
 5
 4
 6
 4
 4
 5
 4
 4
 3
 1
 4
 3
 4
 3
 5
 4
 2
 3
 3
 3
 2
 4
 2
 1
 2
 2
 3
 2
 2
 2
 3
 4
 5
 3
 4
 4
 5
 4
 5
 6
 5
 4
 6
 3
 5
 4
 4
 5
 3
 4
 4
 4
 3
 3
 4
 4
 4
 1
 2
 1
 1
 0
 1
 -2
 -3
 -3
 -3
 -4
 -3
 -2
 -3
 -3
 -1
 -3
 0
 0
 0
 -2
 -1
 0
 0
 -1
 0
 0
 0
 -2
 -1
 0
 0
 0
 -1
 1
 0
 1
 -1
 0
 0
 -1
 -1
 1
 1
 1
 0
 -1
 1
 1
 -1
 -1
 0
 -1
 -2
 0
 -1
 -3
 -2
 0
 -4
 -1
 1
 1
 0
 0
 0
 -2
 -2
 -2
 -1
 -2
 -2
 -3
 -1
 -4
 -2
 -3
 -2
 -3
 -4
 -4
 -2
 -6
 -3
 -6
 0
 -4
 -2
 -2
 -3
 -6
 -2
 -6
 -6
 -6
 -3
 -6
 -2
 -2
 -2
 0
 1
 2
 -1
 0
 0
 1
 3
 1
 4
 4
 4
 4
 5
 3
 3
 3
 3
 3
 5
 4
 4
 4
 4
 4
 3
 4
 4
 4
 3
 4
 5
 4
 3
 4
 4
 5
 5
 3
 3
 4
 4
 4
 4
 5
 6
 4
 3
 4
 4
 3
 3
 1
 2
 1
 1
 -1
 0
 1
 0
 1
 1
 0
 -1
 0
 0
 2
 3
 2
 3
 2
 1
 3
 2
 2
 3
 3
 4
 4
 3
 6
 6
 8
 5
 5
 8
 7
 6
 4
 4
 6
 5
 4
 5
 5
 4
 5
 6
 2
 4
 3
 3
 4
 2
 2
 3
 4
 3
 2
 1
 2
 2
 0
 0
 1
 2
 0
 0
 0
 -2
 0
 0
 -1
 -1
 0
 -1
 0
 0
 -1
 -1
 -1
 -2
 -1
 -1
 0
 0
 0
 0
 -3
 -1
 -2
 -2
 -1
 0
 -1
 -2
 0
 -3
 -1
 -2
 -1
 -1
 0
 -2
 -2
 -1
 -2
 0
 -2
 -1
 -1
 0
 0
 -2
 -1
 -1
 1
 0
 0
 0
 0
 0
 1
 2
 0
 2
 3
 0
 0
 3
 3
 3
 3
 3
 3
 4
 3
 3
 5
 6
 4
 5
 3
 6
 4
 5
 4
 3
 4
 3
 4
 3
 4
 5
 4
 5
 4
 4
 3
 3
 3
 3
 2
 3
 4
 3
 3
 5
 4
 1
 2
 3
 1
 2
 2
 1
 2
 1
 0
 1
 -1
 0
 1
 1
 0
 -1
 -2
 -3
 -3
 -4
 -4
 -4
 -4
 -4
 -6
 -6
 -7
 -9
 -8
 -9
 -10
 -11
 -11
 -11
 -10
 -11
 -9
 -10
 -10
 -9
 -10
 -12
 -12
 -10
 -10
 -10
 -11
 -10
 -9
 -9
 -11
 -9
 -8
 -9
 -9
 -9
 -7
 -7
 -6
 -4
 -4
 -3
 -1
 1
 3
 3
 3
 3
 6
 6
 5
 5
 6
 7
 8
 9
 10
 11
 12
 10
 11
 10
 12
 12
 13
 14
 12
 13
 13
 12
 13
 15
 14
 14
 14
 15
 13
 13
 14
 13
 14
 12
 12
 11
 11
 10
 9
 8
 10
 9
 8
 7
 6
 5
 6
 5
 5
 4
 3
 3
 2
 0
 -1
 -3
 -2
 -3
 -6
 -4
 -9
 -7
 -10
 -9
 -12
 -15
 -15
 -19
 -17
 -20
 -23
 -24
 -26
 -26
 -29
 -31
 -31
 -33
 -33
 -35
 -36
 -39
 -35
 -39
 -41
 -41
 -42
 -44
 -45
 -44
 -45
 -45
 -47
 -48
 -47
 -49
 -49
 -44
 -46
 -46
 -43
 -41
 -39
 -37
 -35
 -31
 -29
 -23
 -20
 -14
 -11
 -6
 1
 5
 11
 14
 24
 28
 35
 40
 44
 50
 56
 61
 65
 71
 75
 80
 84
 87
 88
 91
 92
 96
 97
 99
 98
 97
 99
 97
 99
 96
 95
 92
 93
 90
 89
 84
 82
 78
 76
 71
 68
 66
 59
 58
 53
 46
 45
 40
 36
 29
 24
 20
 14
 9
 4
 -2
 -10
 -14
 -22
 -31
 -37
 -42
 -50
 -57
 -66
 -71
 -80
 -87
 -96
 -106
 -113
 -122
 -132
 -139
 -147
 -158
 -167
 -176
 -186
 -199
 -207
 -217
 -225
 -237
 -247
 -256
 -264
 -269
 -279
 -284
 -288
 -287
 -290
 -286
 -278
 -268
 -252
 -226
 -198
 -162
 -123
 -78
 -29
 24
 69
 120
 170
 216
 259
 298
 333
 361
 380
 398
 408
 417
 423
 420
 409
 396
 380
 362
 344
 323
 303
 282
 258
 228
 201
 177
 154
 131
 110
 86
 65
 43
 20
 1
 -17
 -30
 -45
 -60
 -76
 -88
 -97
 -101
 -108
 -110
 -108
 -106
 -104
 -100
 -96
 -88
 -77
 -68
 -55
 -44
 -33
 -24
 -14
 -6
 4
 13
 22
 27
 30
 35
 36
 37
 37
 39
 42
 41
 40
 39
 37
 32
 29
 28
 25
 21
 14
 12
 5
 0
 -4
 -8
 -13
 -21
 -25
 -32
 -37
 -42
 -47
 -52
 -55
 -59
 -63
 -67
 -69
 -74
 -77
 -83
 -85
 -89
 -92
 -97
 -106
 -113
 -119
 -127
 -136
 -142
 -155
 -163
 -176
 -191
 -204
 -220
 -234
 -251
 -265
 -279
 -293
 -303
 -310
 -314
 -311
 -304
 -286
 -263
 -235
 -204
 -164
 -120
 -72
 -26
 21
 71
 119
 165
 206
 245
 279
 307
 329
 346
 361
 372
 377
 377
 370
 363
 352
 341
 327
 314
 298
 277
 260
 237
 218
 199
 182
 164
 141
 123
 104
 87
 68
 47
 32
 17
 4
 -12
 -24
 -35
 -44
 -47
 -52
 -49
 -49
 -45
 -40
 -37
 -34
 -26
 -16
 -13
 -8
 0
 4
 7
 9
 8
 7
 4
 1
 -7
 -14
 -25
 -36
 -51
 -65
 -78
 -94
 -110
 -129
 -150
 -169
 -193
 -214
 -237
 -264
 -286
 -317
 -348
 -382
 -419
 -458
 -495
 -534
 -573
 -612
 -649
 -684
 -706
 -692
 -659
 -629
 -572
 -510
 -418
 -307
 -208
 -108
 9
 141
 261
 371
 462
 540
 621
 674
 710
 731
 750
 759
 743
 702
 649
 600
 551
 500
 441
 384
 338
 282
 221
 162
 119
 94
 67
 30
 -11
 -44
 -75
 -115
 -150
 -177
 -196
 -223
 -254
 -288
 -312
 -322
 -325
 -322
 -312
 -292
 -264
 -231
 -192
 -146
 -88
 -24
 44
 101
 160
 220
 268
 312
 346
 373
 392
 405
 404
 394
 373
 348
 319
 284
 247
 214
 180
 142
 105
 67
 36
 10
 -12
 -32
 -53
 -71
 -88
 -107
 -125
 -140
 -152
 -166
 -182
 -198
 -220
 -234
 -249
 -263
 -273
 -280
 -284
 -282
 -285
 -278
 -265
 -249
 -227
 -202
 -173
 -145
 -112
 -84
 -56
 -23
 9
 35
 63
 80
 98
 112
 120
 129
 134
 138
 142
 143
 141
 139
 138
 137
 137
 139
 137
 138
 138
 132
 127
 123
 119
 115
 107
 95
 84
 71
 58
 44
 32
 22
 13
 2
 -4
 -12
 -17
 -21
 -20
 -15
 -10
 -3
 1
 13
 20
 29
 39
 51
 58
 68
 78
 89
 98
 104
 108
 112
 114
 111
 108
 97
 87
 74
 58
 37
 16
 -6
 -32
 -58
 -89
 -115
 -143
 -169
 -195
 -226
 -253
 -284
 -315
 -343
 -375
 -408
 -446
 -486
 -529
 -578
 -616
 -667
 -709
 -756
 -805
 -848
 -886
 -895
 -853
 -787
 -717
 -626
 -527
 -366
 -200
 -31
 114
 278
 443
 610
 739
 838
 918
 988
 1027
 1024
 1002
 965
 926
 858
 764
 646
 544
 447
 365
 271
 194
 122
 57
 -6
 -64
 -100
 -119
 -126
 -144
 -165
 -187
 -204
 -223
 -239
 -247
 -252
 -259
 -266
 -272
 -269
 -249
 -218
 -177
 -134
 -75
 -14
 60
 129
 206
 277
 345
 406
 455
 492
 520
 533
 529
 510
 479
 439
 394
 339
 278
 212
 151
 89
 35
 -11
 -47
 -79
 -102
 -121
 -135
 -146
 -144
 -140
 -131
 -127
 -124
 -127
 -128
 -128
 -131
 -135
 -140
 -145
 -151
 -159
 -163
 -164
 -154
 -151
 -139
 -128
 -112
 -96
 -80
 -64
 -44
 -33
 -19
 -10
 -4
 -6
 -8
 -20
 -31
 -42
 -59
 -75
 -91
 -114
 -133
 -153
 -168
 -183
 -195
 -205
 -214
 -225
 -232
 -242
 -252
 -260
 -269
 -282
 -297
 -315
 -341
 -369
 -399
 -425
 -450
 -468
 -487
 -474
 -451
 -414
 -366
 -311
 -233
 -136
 -38
 62
 160
 257
 357
 442
 516
 567
 611
 636
 652
 644
 627
 597
 566
 523
 475
 426
 380
 342
 310
 279
 253
 236
 214
 204
 192
 187
 179
 171
 156
 143
 123
 104
 81
 56
 28
 1
 -26
 -49
 -69
 -87
 -96
 -101
 -98
 -89
 -75
 -61
 -46
 -31
 -14
 1
 12
 18
 22
 21
 15
 5
 -14
 -31
 -50
 -71
 -96
 -119
 -143
 -165
 -183
 -206
 -225
 -246
 -268
 -292
 -321
 -349
 -381
 -419
 -464
 -525
 -579
 -634
 -698
 -777
 -852
 -928
 -996
 -1041
 -1033
 -922
 -798
 -689
 -580
 -426
 -179
 92
 308
 461
 626
 811
 986
 1095
 1127
 1129
 1123
 1084
 992
 861
 742
 641
 532
 383
 219
 93
 23
 -10
 -53
 -93
 -119
 -130
 -131
 -123
 -106
 -85
 -67
 -76
 -99
 -127
 -156
 -173
 -183
 -189
 -188
 -195
 -181
 -154
 -98
 -20
 59
 145
 230
 320
 402
 483
 542
 581
 598
 591
 570
 533
 481
 417
 337
 249
 158
 83
 23
 -19
 -50
 -76
 -92
 -94
 -84
 -54
 -14
 27
 56
 75
 89
 95
 98
 84
 70
 43
 5
 -39
 -84
 -124
 -159
 -190
 -216
 -232
 -236
 -228
 -204
 -191
 -176
 -160
 -147
 -119
 -108
 -103
 -109
 -125
 -140
 -158
 -173
 -200
 -215
 -235
 -251
 -257
 -261
 -254
 -232
 -223
 -200
 -189
 -165
 -148
 -121
 -108
 -101
 -101
 -109
 -111
 -129
 -154
 -182
 -217
 -238
 -269
 -300
 -338
 -368
 -386
 -390
 -378
 -361
 -331
 -280
 -214
 -123
 -34
 63
 150
 240
 327
 409
 473
 516
 542
 551
 544
 528
 496
 461
 423
 382
 338
 297
 267
 245
 237
 233
 232
 237
 242
 251
 260
 267
 267
 262
 245
 227
 203
 177
 144
 111
 73
 38
 6
 -19
 -41
 -59
 -72
 -82
 -83
 -83
 -75
 -61
 -49
 -41
 -37
 -36
 -34
 -34
 -39
 -51
 -67
 -86
 -104
 -126
 -143
 -159
 -176
 -192
 -207
 -220
 -234
 -248
 -266
 -287
 -319
 -347
 -375
 -414
 -461
 -527
 -603
 -674
 -762
 -862
 -943
 -1050
 -1137
 -1222
 -1248
 -1130
 -918
 -733
 -572
 -419
 -145
 232
 591
 795
 930
 1055
 1224
 1349
 1358
 1255
 1110
 984
 837
 648
 435
 257
 143
 41
 -86
 -199
 -260
 -225
 -142
 -69
 -27
 1
 32
 84
 145
 177
 178
 138
 86
 44
 -4
 -60
 -103
 -128
 -125
 -112
 -95
 -64
 2
 95
 188
 254
 295
 336
 380
 414
 416
 376
 318
 253
 188
 132
 69
 13
 -30
 -56
 -70
 -60
 -20
 47
 127
 201
 265
 326
 382
 436
 475
 490
 471
 427
 365
 297
 222
 140
 57
 -26
 -103
 -169
 -224
 -256
 -270
 -273
 -272
 -259
 -245
 -224
 -199
 -186
 -182
 -180
 -187
 -182
 -185
 -193
 -202
 -208
 -206
 -186
 -140
 -79
 -29
 15
 43
 82
 129
 159
 170
 159
 129
 99
 62
 11
 -52
 -124
 -194
 -256
 -304
 -352
 -394
 -427
 -457
 -487
 -509
 -525
 -540
 -546
 -562
 -593
 -638
 -687
 -720
 -754
 -791
 -838
 -841
 -752
 -599
 -456
 -332
 -209
 -14
 243
 488
 648
 752
 838
 949
 1043
 1058
 983
 854
 733
 623
 510
 385
 267
 176
 118
 78
 56
 62
 116
 213
 310
 379
 409
 429
 458
 494
 497
 453
 369
 283
 208
 132
 49
 -42
 -117
 -159
 -179
 -189
 -188
 -180
 -149
 -114
 -85
 -57
 -29
 3
 32
 48
 36
 16
 -2
 -8
 -6
 -11
 -18
 -35
 -42
 -33
 -13
 9
 30
 43
 49
 51
 51
 42
 27
 5
 -29
 -76
 -125
 -178
 -238
 -293
 -357
 -429
 -494
 -541
 -594
 -652
 -712
 -776
 -813
 -873
 -946
 -1006
 -1043
 -1099
 -1146
 -1206
 -1168
 -916
 -613
 -342
 -161
 11
 299
 699
 1005
 1132
 1135
 1164
 1254
 1321
 1220
 972
 684
 469
 325
 195
 56
 -72
 -148
 -184
 -178
 -151
 -87
 32
 172
 303
 375
 368
 331
 309
 318
 331
 282
 153
 20
 -52
 -87
 -106
 -136
 -151
 -123
 -54
 31
 78
 115
 155
 191
 211
 209
 179
 146
 123
 89
 33
 -17
 -42
 -18
 53
 131
 203
 266
 333
 423
 526
 614
 668
 676
 648
 597
 518
 420
 312
 198
 92
 -13
 -116
 -200
 -259
 -290
 -288
 -270
 -243
 -209
 -180
 -150
 -138
 -141
 -160
 -189
 -213
 -239
 -272
 -309
 -352
 -386
 -398
 -391
 -363
 -331
 -300
 -271
 -253
 -254
 -255
 -271
 -291
 -335
 -420
 -529
 -662
 -787
 -909
 -1032
 -1152
 -1274
 -1358
 -1344
 -1144
 -851
 -580
 -284
 -58
 307
 710
 1052
 1214
 1228
 1174
 1153
 1110
 971
 669
 313
 -22
 -239
 -393
 -495
 -550
 -555
 -475
 -355
 -182
 16
 239
 467
 658
 792
 834
 805
 742
 669
 604
 496
 342
 171
 42
 -24
 -48
 -60
 -76
 -61
 -16
 59
 110
 136
 132
 109
 58
 13
 -47
 -91
 -123
 -157
 -189
 -196
 -155
 -63
 72
 212
 344
 457
 552
 637
 711
 761
 764
 712
 620
 503
 376
 250
 119
 3
 -93
 -158
 -197
 -206
 -189
 -162
 -127
 -89
 -53
 -14
 16
 23
 1
 -47
 -103
 -156
 -207
 -249
 -294
 -342
 -381
 -404
 -407
 -396
 -373
 -354
 -337
 -332
 -336
 -348
 -375
 -408
 -472
 -542
 -632
 -754
 -877
 -992
 -1081
 -1187
 -1244
 -1336
 -1388
 -1326
 -1084
 -684
 -327
 38
 269
 581
 982
 1290
 1433
 1344
 1144
 1006
 888
 740
 407
 8
 -380
 -586
 -641
 -610
 -517
 -428
 -273
 -98
 130
 382
 614
 828
 960
 1027
 992
 874
 718
 551
 446
 341
 211
 60
 -68
 -120
 -108
 -72
 -68
 -62
 -47
 -21
 11
 -22
 -86
 -180
 -254
 -279
 -292
 -264
 -217
 -159
 -69
 35
 171
 331
 515
 691
 820
 892
 883
 836
 778
 716
 635
 505
 347
 179
 53
 -43
 -105
 -140
 -144
 -113
 -61
 11
 78
 127
 150
 153
 145
 117
 72
 -6
 -105
 -217
 -324
 -395
 -438
 -448
 -441
 -430
 -412
 -394
 -357
 -317
 -273
 -250
 -252
 -269
 -326
 -390
 -479
 -564
 -673
 -784
 -910
 -1056
 -1156
 -1215
 -1287
 -1303
 -1353
 -1365
 -1278
 -1026
 -554
 -150
 251
 487
 695
 1034
 1301
 1446
 1301
 988
 716
 525
 405
 138
 -204
 -577
 -772
 -758
 -627
 -403
 -222
 -13
 187
 393
 630
 822
 994
 1073
 1078
 1001
 846
 675
 489
 386
 315
 253
 168
 62
 14
 5
 35
 13
 -55
 -127
 -191
 -227
 -296
 -384
 -487
 -556
 -544
 -480
 -349
 -192
 -20
 167
 347
 530
 692
 839
 953
 1019
 1027
 939
 787
 611
 451
 331
 213
 95
 -21
 -86
 -91
 -48
 28
 97
 173
 242
 307
 348
 350
 311
 236
 149
 50
 -38
 -131
 -218
 -296
 -361
 -390
 -405
 -381
 -342
 -297
 -258
 -244
 -240
 -245
 -255
 -271
 -305
 -369
 -432
 -502
 -569
 -610
 -665
 -720
 -779
 -861
 -904
 -961
 -996
 -1032
 -1094
 -1110
 -1139
 -1185
 -1182
 -1081
 -669
 -227
 217
 507
 632
 926
 1194
 1403
 1312
 974
 640
 406
 290
 60
 -274
 -658
 -891
 -866
 -712
 -428
 -172
 96
 344
 540
 756
 936
 1107
 1189
 1195
 1095
 897
 681
 443
 310
 251
 205
 155
 52
 -11
 -38
 -31
 -62
 -141
 -223
 -299
 -344
 -416
 -494
 -558
 -577
 -511
 -393
 -218
 6
 244
 469
 655
 796
 893
 964
 987
 960
 873
 707
 507
 297
 138
 52
 7
 1
 1
 29
 81
 153
 241
 317
 386
 417
 412
 360
 283
 184
 78
 -13
 -101
 -173
 -225
 -271
 -292
 -310
 -317
 -311
 -295
 -280
 -268
 -269
 -299
 -346
 -393
 -435
 -460
 -482
 -513
 -529
 -576
 -603
 -631
 -680
 -731
 -801
 -854
 -936
 -995
 -1105
 -1170
 -1224
 -1307
 -1287
 -1329
 -1082
 -589
 -109
 449
 699
 885
 1172
 1366
 1499
 1272
 852
 424
 141
 -68
 -327
 -613
 -916
 -964
 -841
 -577
 -214
 99
 450
 725
 908
 1022
 1073
 1111
 1103
 1054
 881
 661
 417
 235
 203
 226
 279
 268
 213
 171
 129
 75
 -57
 -229
 -403
 -529
 -612
 -697
 -734
 -724
 -612
 -407
 -164
 120
 401
 668
 874
 1001
 1035
 996
 915
 792
 661
 496
 320
 151
 12
 -42
 -30
 50
 144
 242
 325
 382
 421
 425
 413
 383
 329
 261
 166
 82
 11
 -52
 -78
 -96
 -99
 -95
 -111
 -141
 -189
 -248
 -305
 -344
 -373
 -402
 -409
 -429
 -437
 -422
 -405
 -379
 -358
 -350
 -364
 -397
 -462
 -535
 -627
 -729
 -812
 -912
 -992
 -1062
 -1158
 -1202
 -1244
 -1251
 -1264
 -1262
 -1179
 -829
 -260
 259
 745
 856
 1014
 1194
 1304
 1280
 881
 398
 -7
 -229
 -368
 -572
 -772
 -901
 -744
 -494
 -153
 176
 461
 784
 978
 1063
 1031
 942
 902
 882
 854
 734
 557
 377
 291
 350
 435
 495
 434
 301
 155
 -7
 -184
 -412
 -626
 -776
 -845
 -843
 -802
 -694
 -506
 -239
 61
 335
 585
 790
 943
 1002
 959
 831
 664
 511
 376
 276
 194
 132
 105
 109
 163
 250
 353
 442
 490
 491
 441
 362
 283
 231
 196
 173
 147
 116
 102
 84
 89
 71
 40
 2
 -64
 -132
 -228
 -323
 -414
 -483
 -521
 -530
 -505
 -474
 -415
 -353
 -310
 -267
 -253
 -271
 -300
 -367
 -451
 -556
 -676
 -793
 -903
 -951
 -1015
 -1055
 -1092
 -1159
 -1126
 -1170
 -1183
 -1229
 -1293
 -1059
 -572
 -9
 577
 848
 948
 1161
 1250
 1301
 1013
 494
 27
 -257
 -409
 -538
 -728
 -882
 -791
 -511
 -162
 205
 455
 748
 970
 1070
 1046
 901
 779
 742
 762
 757
 688
 555
 454
 449
 499
 571
 548
 423
 220
 -45
 -316
 -600
 -818
 -941
 -949
 -891
 -787
 -629
 -406
 -101
 215
 484
 674
 796
 870
 885
 802
 650
 458
 313
 240
 221
 229
 244
 270
 308
 365
 401
 420
 429
 424
 415
 358
 267
 178
 120
 138
 195
 265
 299
 316
 310
 270
 220
 129
 37
 -81
 -186
 -307
 -405
 -476
 -510
 -486
 -446
 -374
 -299
 -240
 -185
 -160
 -160
 -192
 -229
 -303
 -365
 -429
 -496
 -565
 -627
 -684
 -740
 -771
 -816
 -861
 -881
 -963
 -1017
 -1080
 -1194
 -1228
 -1340
 -1379
 -1278
 -875
 -295
 356
 874
 1027
 1220
 1243
 1246
 1037
 493
 -28
 -470
 -626
 -685
 -753
 -800
 -723
 -393
 7
 443
 723
 938
 1095
 1121
 1067
 865
 680
 581
 579
 658
 700
 711
 682
 669
 667
 650
 582
 418
 178
 -133
 -480
 -807
 -1066
 -1155
 -1079
 -890
 -659
 -434
 -183
 92
 367
 586
 689
 713
 680
 620
 517
 383
 262
 187
 205
 275
 389
 486
 540
 564
 541
 498
 424
 351
 274
 218
 188
 164
 165
 191
 248
 342
 433
 490
 492
 432
 309
 153
 -23
 -189
 -326
 -419
 -482
 -515
 -522
 -487
 -423
 -342
 -256
 -190
 -144
 -135
 -147
 -178
 -230
 -274
 -314
 -352
 -367
 -394
 -427
 -462
 -514
 -545
 -592
 -609
 -640
 -737
 -790
 -918
 -983
 -1028
 -1093
 -1132
 -1235
 -1278
 -1317
 -1110
 -608
 -43
 593
 974
 1036
 1167
 1074
 957
 572
 12
 -471
 -721
 -730
 -680
 -621
 -561
 -356
 3
 337
 668
 821
 963
 991
 904
 750
 569
 500
 557
 676
 815
 906
 962
 955
 889
 741
 540
 307
 58
 -188
 -464
 -748
 -984
 -1108
 -1043
 -828
 -525
 -232
 3
 185
 294
 364
 380
 381
 388
 379
 352
 293
 253
 265
 338
 438
 526
 596
 618
 595
 512
 386
 260
 164
 123
 123
 169
 249
 343
 427
 482
 529
 532
 534
 480
 380
 250
 77
 -72
 -207
 -294
 -332
 -337
 -315
 -307
 -294
 -311
 -331
 -353
 -370
 -376
 -380
 -373
 -382
 -377
 -375
 -374
 -368
 -366
 -372
 -400
 -467
 -561
 -662
 -763
 -848
 -933
 -976
 -1014
 -1036
 -1057
 -1097
 -1147
 -1188
 -1243
 -1240
 -939
 -391
 253
 890
 1083
 1121
 1103
 987
 842
 386
 -155
 -576
 -711
 -636
 -526
 -444
 -342
 -96
 196
 460
 633
 709
 790
 740
 636
 472
 397
 492
 691
 893
 1022
 1072
 1050
 977
 830
 589
 304
 2
 -261
 -489
 -677
 -819
 -909
 -874
 -733
 -500
 -251
 -54
 71
 134
 132
 122
 140
 200
 285
 386
 433
 468
 492
 516
 558
 567
 564
 542
 493
 417
 315
 211
 139
 116
 155
 229
 318
 387
 425
 428
 428
 423
 422
 406
 345
 272
 155
 51
 -50
 -128
 -168
 -191
 -208
 -221
 -246
 -280
 -319
 -333
 -307
 -284
 -252
 -222
 -229
 -206
 -202
 -204
 -202
 -215
 -215
 -207
 -216
 -243
 -303
 -373
 -460
 -533
 -607
 -677
 -736
 -789
 -812
 -856
 -956
 -970
 -1056
 -1124
 -1157
 -1291
 -1389
 -1279
 -852
 -226
 458
 944
 1011
 1064
 922
 742
 390
 -140
 -568
 -770
 -664
 -488
 -278
 -117
 89
 351
 561
 689
 732
 752
 729
 600
 476
 363
 455
 680
 978
 1171
 1265
 1231
 1098
 873
 563
 206
 -118
 -359
 -535
 -645
 -732
 -759
 -743
 -612
 -475
 -287
 -159
 -69
 -63
 -92
 -168
 -169
 -75
 117
 323
 526
 595
 653
 659
 633
 591
 511
 444
 378
 337
 281
 243
 220
 244
 309
 392
 472
 521
 529
 489
 405
 351
 310
 330
 339
 327
 268
 184
 84
 -14
 -111
 -182
 -237
 -284
 -320
 -366
 -405
 -431
 -442
 -423
 -380
 -331
 -278
 -233
 -212
 -203
 -203
 -209
 -212
 -235
 -260
 -309
 -353
 -408
 -474
 -530
 -593
 -626
 -661
 -699
 -760
 -833
 -952
 -1005
 -1061
 -1182
 -1175
 -1294
 -1323
 -1112
 -618
 47
 729
 1062
 1008
 941
 724
 507
 124
 -415
 -741
 -776
 -503
 -238
 -20
 107
 262
 428
 500
 469
 430
 464
 473
 422
 371
 381
 633
 958
 1250
 1372
 1356
 1218
 983
 650
 252
 -94
 -321
 -436
 -477
 -485
 -490
 -479
 -458
 -431
 -399
 -340
 -294
 -258
 -265
 -285
 -283
 -202
 -47
 181
 428
 635
 716
 725
 646
 528
 427
 333
 288
 275
 277
 273
 276
 313
 371
 451
 475
 475
 437
 396
 345
 287
 246
 242
 293
 362
 398
 385
 300
 191
 51
 -75
 -196
 -275
 -324
 -339
 -333
 -309
 -274
 -264
 -246
 -248
 -273
 -283
 -308
 -319
 -315
 -296
 -260
 -232
 -181
 -179
 -183
 -221
 -297
 -359
 -444
 -511
 -555
 -622
 -672
 -705
 -745
 -822
 -939
 -1078
 -1180
 -1260
 -1282
 -1339
 -1347
 -1136
 -606
 105
 756
 1036
 942
 768
 549
 332
 -15
 -433
 -650
 -569
 -272
 13
 197
 294
 401
 450
 411
 292
 236
 289
 368
 398
 436
 556
 859
 1177
 1392
 1406
 1294
 1063
 786
 425
 78
 -175
 -292
 -317
 -308
 -311
 -326
 -358
 -407
 -483
 -544
 -564
 -524
 -457
 -397
 -327
 -237
 -77
 112
 313
 468
 557
 561
 527
 460
 370
 340
 318
 369
 432
 458
 457
 436
 407
 380
 354
 341
 336
 367
 361
 346
 311
 314
 339
 388
 399
 372
 312
 226
 140
 47
 -61
 -132
 -182
 -212
 -229
 -250
 -259
 -263
 -270
 -268
 -275
 -259
 -250
 -242
 -245
 -244
 -218
 -175
 -115
 -82
 -76
 -100
 -139
 -185
 -254
 -301
 -353
 -395
 -435
 -499
 -549
 -596
 -611
 -657
 -759
 -871
 -1044
 -1176
 -1259
 -1361
 -1399
 -1389
 -1324
 -1004
 -331
 339
 880
 973
 698
 465
 284
 83
 -211
 -512
 -544
 -304
 99
 314
 437
 471
 529
 455
 315
 151
 153
 318
 463
 520
 637
 844
 1173
 1398
 1434
 1274
 1066
 790
 481
 153
 -90
 -190
 -182
 -156
 -188
 -238
 -304
 -396
 -526
 -658
 -745
 -713
 -607
 -490
 -364
 -243
 -93
 70
 213
 331
 408
 438
 421
 391
 344
 327
 370
 430
 535
 590
 595
 527
 446
 360
 308
 285
 291
 332
 386
 422
 418
 404
 392
 384
 382
 339
 270
 204
 126
 43
 -37
 -98
 -151
 -168
 -202
 -231
 -240
 -231
 -257
 -268
 -290
 -296
 -265
 -250
 -249
 -240
 -214
 -171
 -116
 -55
 -40
 -21
 -32
 -74
 -141
 -198
 -244
 -287
 -304
 -349
 -387
 -397
 -439
 -497
 -571
 -666
 -773
 -907
 -1067
 -1196
 -1349
 -1398
 -1438
 -1420
 -1341
 -1083
 -454
 269
 756
 831
 556
 300
 153
 128
 -267
 -536
 -423
 -117
 279
 461
 590
 546
 499
 398
 194
 28
 77
 354
 600
 648
 734
 968
 1253
 1376
 1363
 1161
 944
 688
 409
 134
 -45
 -81
 -32
 -2
 -87
 -189
 -299
 -445
 -637
 -813
 -885
 -821
 -650
 -486
 -340
 -214
 -90
 21
 118
 183
 236
 291
 309
 266
 247
 286
 404
 566
 642
 682
 624
 563
 498
 393
 268
 234
 259
 348
 416
 471
 465
 483
 439
 394
 316
 273
 239
 212
 143
 58
 12
 20
 -3
 -28
 -106
 -164
 -223
 -289
 -381
 -447
 -354
 -246
 -322
 -186
 -131
 -164
 -166
 -123
 -142
 -186
 -140
 -45
 -55
 -82
 -117
 -76
 -121
 -194
 -245
 -266
 -295
 -342
 -391
 -472
 -521
 -554
 -627
 -720
 -874
 -1010
 -1114
 -1213
 -1326
 -1391
 -1401
 -1332
 -1188
 -706
 -28
 507
 748
 501
 263
 137
 97
 -120
 -335
 -410
 -113
 295
 584
 627
 614
 567
 439
 185
 18
 55
 320
 603
 704
 769
 935
 1155
 1303
 1268
 1092
 899
 694
 455
 212
 61
 43
 87
 84
 17
 -117
 -258
 -416
 -623
 -818
 -909
 -853
 -679
 -486
 -344
 -227
 -130
 -57
 -24
 9
 67
 156
 227
 262
 280
 326
 424
 558
 651
 663
 624
 539
 487
 389
 301
 236
 271
 343
 435
 460
 476
 460
 429
 369
 298
 250
 238
 227
 203
 160
 88
 42
 8
 -42
 -101
 -171
 -229
 -277
 -316
 -336
 -319
 -262
 -207
 -177
 -177
 -177
 -176
 -167
 -158
 -145
 -111
 -62
 -21
 3
 -9
 -38
 -71
 -100
 -135
 -162
 -183
 -187
 -231
 -295
 -378
 -436
 -489
 -557
 -669
 -794
 -926
 -1009
 -1107
 -1198
 -1293
 -1330
 -1300
 -1270
 -1212
 -981
 -403
 204
 595
 465
 202
 86
 133
 43
 -191
 -341
 -101
 304
 626
 665
 627
 576
 500
 249
 43
 45
 320
 636
 782
 798
 881
 1054
 1194
 1172
 1029
 869
 712
 518
 296
 142
 113
 145
 131
 53
 -85
 -237
 -405
 -599
 -785
 -889
 -862
 -720
 -528
 -384
 -287
 -228
 -185
 -174
 -148
 -81
 45
 168
 256
 307
 363
 446
 549
 621
 662
 638
 586
 524
 456
 414
 364
 355
 361
 397
 420
 431
 410
 362
 309
 260
 240
 241
 245
 249
 223
 159
 83
 2
 -33
 -73
 -120
 -185
 -235
 -268
 -283
 -294
 -292
 -284
 -281
 -278
 -274
 -261
 -227
 -196
 -161
 -128
 -105
 -71
 -46
 -35
 -46
 -64
 -82
 -91
 -106
 -111
 -135
 -171
 -222
 -297
 -361
 -431
 -509
 -587
 -675
 -763
 -863
 -948
 -1058
 -1141
 -1212
 -1245
 -1231
 -1194
 -1062
 -692
 -162
 299
 397
 173
 0
 -19
 38
 -92
 -242
 -156
 228
 588
 711
 639
 559
 512
 334
 100
 17
 217
 543
 747
 787
 830
 948
 1066
 1067
 955
 839
 725
 567
 405
 279
 259
 280
 251
 166
 48
 -106
 -277
 -470
 -637
 -734
 -758
 -689
 -556
 -422
 -327
 -297
 -302
 -313
 -303
 -253
 -159
 -32
 98
 198
 282
 360
 435
 487
 509
 489
 449
 392
 335
 296
 300
 368
 435
 478
 462
 423
 407
 377
 318
 248
 228
 281
 359
 394
 375
 325
 248
 152
 31
 -45
 -86
 -89
 -94
 -104
 -121
 -120
 -127
 -141
 -172
 -201
 -224
 -236
 -227
 -186
 -143
 -95
 -75
 -73
 -81
 -97
 -126
 -149
 -160
 -159
 -141
 -111
 -91
 -88
 -122
 -183
 -260
 -324
 -391
 -432
 -464
 -496
 -540
 -606
 -684
 -769
 -850
 -940
 -1001
 -1059
 -1079
 -1091
 -1071
 -983
 -753
 -404
 -48
 118
 51
 -49
 -96
 -42
 -69
 -148
 -93
 184
 539
 731
 704
 592
 518
 408
 256
 169
 263
 512
 694
 746
 769
 838
 926
 914
 809
 720
 652
 543
 404
 292
 292
 336
 301
 207
 114
 32
 -70
 -239
 -398
 -469
 -472
 -452
 -426
 -376
 -301
 -282
 -317
 -360
 -364
 -319
 -265
 -220
 -146
 -58
 31
 101
 168
 245
 317
 337
 314
 280
 259
 262
 267
 294
 351
 420
 459
 429
 368
 311
 278
 261
 243
 251
 294
 336
 348
 314
 257
 199
 149
 93
 71
 74
 78
 67
 39
 30
 41
 43
 21
 -25
 -65
 -98
 -130
 -151
 -148
 -130
 -106
 -102
 -116
 -132
 -158
 -192
 -214
 -218
 -194
 -160
 -134
 -121
 -132
 -161
 -200
 -242
 -276
 -301
 -325
 -354
 -379
 -412
 -446
 -480
 -521
 -571
 -635
 -690
 -741
 -780
 -807
 -840
 -856
 -848
 -793
 -656
 -491
 -362
 -288
 -284
 -299
 -301
 -315
 -248
 -84
 130
 307
 380
 387
 391
 397
 387
 394
 421
 508
 574
 604
 650
 727
 820
 859
 816
 781
 748
 693
 596
 485
 422
 423
 403
 371
 346
 324
 275
 156
 14
 -67
 -87
 -81
 -90
 -109
 -118
 -146
 -205
 -263
 -291
 -272
 -258
 -278
 -311
 -323
 -313
 -285
 -259
 -217
 -150
 -96
 -67
 -60
 -58
 -43
 -27
 -9
 38
 110
 192
 246
 262
 258
 257
 260
 279
 317
 362
 396
 399
 380
 363
 355
 356
 369
 371
 361
 332
 295
 270
 256
 251
 249
 240
 227
 191
 132
 76
 24
 -25
 -55
 -85
 -95
 -103
 -132
 -180
 -232
 -274
 -296
 -304
 -307
 -301
 -304
 -318
 -348
 -377
 -387
 -396
 -405
 -426
 -457
 -484
 -508
 -532
 -544
 -556
 -562
 -575
 -604
 -640
 -665
 -688
 -716
 -736
 -746
 -735
 -679
 -578
 -467
 -365
 -298
 -281
 -267
 -256
 -219
 -107
 41
 188
 292
 333
 358
 380
 394
 417
 455
 519
 585
 622
 651
 697
 752
 798
 792
 771
 755
 711
 644
 551
 467
 426
 394
 357
 332
 312
 273
 193
 80
 -18
 -66
 -84
 -89
 -99
 -105
 -122
 -174
 -230
 -276
 -293
 -288
 -294
 -310
 -319
 -315
 -299
 -279
 -256
 -217
 -169
 -138
 -119
 -109
 -92
 -70
 -44
 1
 60
 129
 184
 209
 220
 223
 230
 255
 291
 335
 371
 383
 380
 375
 367
 361
 358
 352
 350
 336
 315
 305
 292
 284
 267
 244
 227
 198
 161
 110
 63
 32
 0
 -31
 -52
 -71
 -98
 -136
 -186
 -227
 -247
 -257
 -262
 -264
 -266
 -268
 -285
 -303
 -319
 -327
 -336
 -349
 -363
 -375
 -387
 -399
 -414
 -429
 -434
 -438
 -448
 -468
 -492
 -517
 -541
 -568
 -592
 -608
 -618
 -627
 -650
 -658
 -615
 -523
 -433
 -347
 -290
 -243
 -195
 -176
 -135
 -24
 115
 224
 273
 283
 317
 353
 368
 388
 444
 536
 598
 610
 627
 669
 722
 739
 704
 695
 707
 674
 601
 510
 453
 428
 377
 318
 293
 283
 251
 164
 64
 12
 -18
 -35
 -61
 -82
 -86
 -116
 -174
 -236
 -271
 -275
 -279
 -297
 -308
 -301
 -288
 -278
 -268
 -245
 -200
 -163
 -139
 -123
 -103
 -82
 -65
 -52
 -17
 48
 121
 169
 201
 220
 243
 262
 272
 302
 351
 390
 400
 390
 384
 381
 369
 340
 327
 326
 326
 308
 287
 283
 275
 260
 230
 204
 195
 169
 122
 67
 19
 -16
 -54
 -92
 -119
 -139
 -169
 -213
 -256
 -279
 -286
 -293
 -298
 -299
 -305
 -306
 -325
 -346
 -359
 -372
 -378
 -397
 -408
 -413
 -417
 -426
 -440
 -447
 -451
 -447
 -460
 -470
 -479
 -496
 -510
 -532
 -547
 -558
 -569
 -581
 -573
 -511
 -422
 -341
 -272
 -231
 -192
 -149
 -119
 -55
 60
 174
 250
 277
 278
 309
 344
 359
 393
 447
 520
 561
 569
 590
 632
 673
 676
 646
 643
 639
 603
 529
 457
 409
 383
 336
 291
 271
 251
 202
 118
 42
 4
 -14
 -29
 -52
 -75
 -93
 -134
 -189
 -235
 -257
 -256
 -259
 -269
 -269
 -254
 -235
 -218
 -201
 -166
 -120
 -76
 -34
 -12
 6
 25
 34
 53
 84
 130
 183
 211
 216
 209
 204
 214
 229
 251
 281
 299
 302
 288
 268
 250
 246
 240
 232
 213
 197
 179
 152
 122
 100
 88
 83
 63
 39
 13
 -24
 -65
 -103
 -125
 -131
 -131
 -143
 -167
 -195
 -221
 -241
 -252
 -248
 -241
 -233
 -236
 -252
 -261
 -271
 -276
 -284
 -290
 -291
 -300
 -306
 -317
 -328
 -333
 -337
 -340
 -333
 -330
 -330
 -342
 -360
 -385
 -402
 -409
 -409
 -414
 -416
 -427
 -441
 -436
 -394
 -317
 -241
 -176
 -132
 -101
 -70
 -46
 -1
 84
 172
 232
 258
 262
 279
 304
 316
 344
 391
 458
 507
 529
 550
 577
 596
 595
 579
 582
 588
 571
 521
 467
 422
 396
 366
 336
 320
 302
 264
 199
 138
 104
 84
 70
 49
 25
 3
 -31
 -74
 -117
 -150
 -167
 -168
 -164
 -157
 -146
 -139
 -139
 -140
 -127
 -109
 -90
 -80
 -68
 -57
 -47
 -44
 -36
 -23
 6
 30
 40
 45
 45
 44
 50
 59
 70
 74
 75
 69
 60
 48
 28
 13
 -4
 -13
 -21
 -28
 -36
 -45
 -64
 -86
 -107
 -123
 -139
 -161
 -186
 -211
 -235
 -255
 -275
 -296
 -310
 -322
 -336
 -353
 -372
 -381
 -387
 -391
 -400
 -403
 -407
 -418
 -433
 -445
 -453
 -452
 -453
 -433
 -390
 -334
 -278
 -224
 -175
 -120
 -82
 -35
 24
 84
 147
 193
 227
 262
 291
 317
 347
 376
 415
 451
 478
 511
 542
 574
 596
 605
 613
 613
 596
 573
 534
 496
 460
 427
 395
 364
 333
 299
 251
 205
 158
 123
 94
 68
 35
 7
 -26
 -62
 -99
 -132
 -152
 -164
 -172
 -180
 -183
 -176
 -166
 -163
 -151
 -135
 -116
 -102
 -94
 -87
 -73
 -62
 -51
 -34
 -16
 4
 21
 29
 39
 50
 58
 64
 69
 75
 82
 84
 75
 66
 54
 38
 20
 5
 -6
 -18
 -34
 -50
 -68
 -87
 -111
 -134
 -160
 -185
 -208
 -239
 -267
 -295
 -317
 -342
 -362
 -385
 -401
 -416
 -436
 -448
 -461
 -476
 -480
 -488
 -493
 -496
 -501
 -501
 -497
 -493
 -467
 -426
 -371
 -312
 -259
 -207
 -155
 -114
 -65
 -11
 60
 123
 171
 214
 246
 279
 314
 341
 375
 422
 463
 499
 528
 553
 582
 599
 605
 612
 609
 601
 582
 548
 511
 477
 444
 414
 380
 351
 318
 280
 233
 187
 147
 116
 87
 55
 28
 -1
 -33
 -69
 -101
 -120
 -133
 -140
 -143
 -143
 -139
 -135
 -130
 -123
 -110
 -93
 -80
 -63
 -53
 -45
 -39
 -32
 -22
 -6
 17
 34
 56
 65
 72
 75
 77
 81
 90
 99
 99
 96
 82
 66
 50
 45
 58
 65
 66
 55
 28
 5
 -28
 -52
 -58
 -58
 -69
 -91
 -129
 -168
 -204
 -236
 -260
 -266
 -262
 -262
 -271
 -288
 -307
 -329
 -346
 -362
 -364
 -359
 -362
 -374
 -396
 -411
 -417
 -415
 -406
 -394
 -381
 -372
 -373
 -377
 -367
 -330
 -276
 -219
 -174
 -135
 -110
 -92
 -79
 -55
 5
 64
 117
 152
 176
 201
 221
 233
 257
 297
 344
 375
 393
 409
 428
 441
 444
 444
 451
 454
 440
 417
 391
 371
 353
 333
 317
 307
 291
 262
 222
 188
 162
 140
 121
 105
 93
 74
 47
 22
 -2
 -20
 -26
 -33
 -31
 -25
 -23
 -26
 -30
 -30
 -25
 -19
 -9
 1
 7
 9
 5
 5
 12
 24
 35
 43
 51
 57
 60
 57
 58
 58
 58
 56
 48
 41
 33
 23
 10
 -2
 -12
 -20
 -29
 -41
 -54
 -68
 -81
 -95
 -108
 -118
 -128
 -141
 -153
 -172
 -185
 -198
 -210
 -218
 -222
 -224
 -225
 -225
 -230
 -232
 -236
 -237
 -236
 -231
 -224
 -221
 -221
 -223
 -225
 -223
 -221
 -216
 -202
 -196
 -188
 -186
 -185
 -180
 -173
 -165
 -155
 -148
 -135
 -126
 -128
 -117
 -103
 -78
 -55
 -35
 -13
 7
 22
 31
 48
 74
 96
 112
 122
 128
 139
 144
 151
 172
 192
 216
 232
 234
 241
 245
 244
 250
 257
 269
 270
 262
 246
 225
 215
 204
 195
 198
 202
 196
 184
 165
 152
 143
 131
 128
 124
 120
 105
 88
 71
 60
 52
 51
 48
 48
 48
 45
 36
 27
 23
 30
 36
 37
 37
 34
 27
 18
 11
 10
 14
 16
 14
 10
 9
 6
 -1
 -4
 -4
 -2
 -2
 -7
 -15
 -26
 -35
 -43
 -51
 -59
 -59
 -66
 -76
 -88
 -97
 -103
 -108
 -112
 -112
 -116
 -121
 -129
 -135
 -141
 -143
 -145
 -147
 -147
 -148
 -152
 -154
 -156
 -157
 -153
 -150
 -149
 -151
 -149
 -149
 -143
 -145
 -141
 -141
 -140
 -143
 -141
 -139
 -137
 -132
 -131
 -126
 -122
 -120
 -118
 -118
 -116
 -110
 -103
 -98
 -91
 -86
 -86
 -83
 -78
 -68
 -52
 -35
 -21
 -7
 5
 11
 19
 27
 38
 56
 69
 82
 90
 93
 101
 109
 118
 132
 147
 165
 173
 180
 183
 186
 187
 187
 189
 193
 190
 185
 181
 168
 165
 161
 163
 163
 163
 158
 153
 144
 137
 131
 131
 127
 122
 115
 106
 97
 90
 84
 81
 78
 76
 75
 71
 68
 66
 62
 61
 60
 57
 57
 56
 54
 51
 44
 42
 37
 37
 34
 33
 31
 27
 19
 13
 7
 0
 -2
 -5
 -12
 -15
 -21
 -29
 -37
 -49
 -56
 -60
 -63
 -68
 -71
 -76
 -83
 -92
 -99
 -104
 -104
 -104
 -107
 -112
 -113
 -119
 -122
 -127
 -127
 -124
 -122
 -122
 -121
 -126
 -130
 -132
 -132
 -128
 -121
 -114
 -113
 -112
 -115
 -118
 -116
 -113
 -106
 -102
 -98
 -99
 -99
 -100
 -104
 -101
 -93
 -85
 -78
 -76
 -74
 -75
 -75
 -76
 -68
 -59
 -46
 -46
 -47
 -47
 -48
 -43
 -34
 -18
 -2
 6
 12
 12
 14
 18
 27
 41
 57
 67
 69
 65
 60
 60
 66
 76
 91
 103
 111
 113
 112
 110
 113
 119
 125
 133
 134
 134
 127
 118
 111
 109
 110
 115
 115
 115
 113
 107
 104
 104
 106
 109
 110
 108
 100
 91
 83
 81
 76
 77
 77
 75
 71
 65
 58
 52
 44
 48
 52
 52
 51
 44
 35
 28
 23
 20
 20
 20
 20
 17
 11
 7
 1
 -2
 -9
 -12
 -13
 -17
 -24
 -30
 -38
 -41
 -43
 -43
 -45
 -45
 -47
 -48
 -52
 -52
 -52
 -51
 -51
 -54
 -57
 -62
 -67
 -71
 -72
 -74
 -76
 -74
 -75
 -73
 -74
 -74
 -70
 -67
 -63
 -63
 -62
 -62
 -64
 -68
 -68
 -67
 -67
 -68
 -67
 -72
 -74
 -77
 -76
 -76
 -76
 -76
 -72
 -73
 -72
 -69
 -68
 -64
 -62
 -61
 -64
 -67
 -68
 -69
 -64
 -62
 -58
 -58
 -56
 -56
 -54
 -54
 -44
 -36
 -27
 -14
 -8
 -8
 -7
 -9
 -12
 -9
 -8
 -2
 1
 8
 9
 15
 19
 23
 27
 30
 33
 38
 45
 52
 58
 59
 57
 53
 50
 50
 50
 49
 52
 53
 54
 56
 56
 59
 59
 59
 60
 60
 61
 61
 59
 63
 63
 64
 62
 61
 60
 58
 57
 58
 59
 63
 65
 64
 64
 62
 59
 57
 56
 57
 59
 62
 62
 58
 53
 52
 48
 46
 48
 47
 46
 45
 38
 36
 32
 33
 33
 31
 29
 26
 21
 19
 17
 17
 19
 16
 12
 8
 6
 1
 -2
 -6
 -4
 -2
 2
 -3
 -8
 -11
 -13
 -13
 -12
 -14
 -12
 -16
 -16
 -17
 -15
 -17
 -18
 -23
 -24
 -24
 -27
 -25
 -27
 -29
 -28
 -32
 -34
 -35
 -37
 -34
 -32
 -31
 -29
 -30
 -31
 -35
 -39
 -40
 -44
 -47
 -47
 -51
 -56
 -56
 -57
 -55
 -54
 -54
 -55
 -56
 -55
 -49
 -48
 -47
 -45
 -43
 -41
 -42
 -45
 -51
 -50
 -56
 -58
 -51
 -42
 -37
 -34
 -31
 -32
 -30
 -29
 -26
 -17
 -10
 -2
 0
 0
 1
 -2
 -6
 -9
 -8
 -3
 1
 7
 9
 10
 12
 8
 8
 14
 16
 20
 22
 23
 22
 19
 18
 20
 23
 27
 30
 29
 25
 23
 24
 27
 31
 37
 38
 36
 31
 23
 23
 23
 25
 31
 34
 36
 38
 35
 34
 35
 35
 35
 35
 37
 38
 38
 36
 31
 27
 20
 21
 17
 19
 20
 25
 25
 27
 30
 29
 27
 22
 21
 18
 21
 19
 22
 21
 20
 18
 12
 6
 6
 9
 14
 15
 15
 16
 12
 11
 6
 5
 4
 6
 5
 5
 4
 2
 -3
 -6
 -6
 -1
 5
 8
 4
 0
 -6
 -11
 -15
 -13
 -15
 -12
 -14
 -18
 -21
 -21
 -25
 -26
 -23
 -20
 -18
 -10
 -12
 -19
 -25
 -29
 -31
 -29
 -26
 -24
 -24
 -27
 -33
 -36
 -35
 -34
 -31
 -28
 -27
 -25
 -27
 -29
 -32
 -33
 -33
 -32
 -29
 -30
 -34
 -38
 -42
 -42
 -41
 -39
 -37
 -34
 -35
 -36
 -35
 -32
 -30
 -29
 -27
 -26
 -22
 -25
 -27
 -28
 -29
 -27
 -20
 -19
 -19
 -18
 -17
 -18
 -15
 -7
 1
 4
 6
 4
 5
 7
 7
 9
 8
 9
 9
 10
 11
 11
 11
 9
 10
 11
 13
 15
 16
 15
 16
 19
 16
 17
 15
 10
 7
 6
 7
 7
 6
 8
 6
 5
 7
 9
 10
 9
 12
 11
 13
 20
 23
 24
 25
 22
 18
 20
 17
 20
 21
 21
 22
 21
 18
 18
 18
 18
 19
 23
 24
 24
 22
 20
 23
 22
 22
 20
 21
 21
 18
 14
 12
 12
 11
 11
 11
 8
 7
 3
 -2
 -6
 -3
 -3
 0
 3
 4
 4
 4
 3
 5
 6
 6
 6
 6
 3
 2
 -2
 -2
 -8
 -6
 -8
 -9
 -10
 -7
 -8
 -4
 -2
 1
 2
 2
 -2
 -6
 -9
 -10
 -8
 -4
 -4
 -2
 -8
 -14
 -17
 -17
 -16
 -15
 -15
 -12
 -13
 -16
 -19
 -21
 -22
 -21
 -21
 -19
 -16
 -15
 -18
 -16
 -16
 -17
 -15
 -19
 -22
 -21
 -18
 -20
 -22
 -22
 -22
 -22
 -22
 -21
 -18
 -18
 -15
 -14
 -12
 -12
 -12
 -16
 -13
 -11
 -10
 -9
 -13
 -16
 -19
 -18
 -16
 -9
 -4
 -6
 -4
 -6
 -6
 -3
 0
 4
 6
 10
 14
 10
 8
 5
 5
 4
 6
 9
 13
 12
 11
 9
 6
 7
 6
 8
 10
 11
 9
 10
 9
 8
 6
 7
 5
 7
 8
 11
 7
 4
 2
 -1
 -2
 -1
 -2
 0
 1
 -3
 -7
 -8
 -3
 -2
 2
 2
 3
 3
 5
 3
 2
 3
 4
 4
 1
 1
 2
 3
 0
 -2
 2
 2
 3
 4
 5
 3
 5
 4
 5
 3
 3
 1
 -2
 0
 1
 2
 0
 -4
 -6
 -6
 -8
 -6
 -6
 -3
 -3
 -2
 -6
 -10
 -13
 -10
 -7
 -6
 -1
 -6
 -6
 -12
 -16
 -17
 -14
 -11
 -8
 -8
 -9
 -13
 -14
 -13
 -14
 -14
 -10
 -9
 -10
 -11
 -12
 -12
 -11
 -8
 -8
 -8
 -4
 -8
 -7
 -9
 -11
 -10
 -10
 -9
 -10
 -10
 -14
 -13
 -15
 -12
 -9
 -10
 -7
 -8
 -6
 -8
 -8
 -11
 -7
 -10
 -9
 -7
 -9
 -6
 -3
 -6
 -3
 -3
 0
 -2
 -2
 -3
 -7
 -6
 -9
 -12
 -8
 -8
 -8
 -10
 -6
 -2
 -1
 1
 0
 1
 -3
 0
 -1
 -6
 -6
 -11
 -12
 -12
 -10
 -9
 -4
 -6
 -2
 -4
 -2
 -2
 -1
 -2
 -2
 0
 0
 0
 -3
 -3
 -4
 -3
 0
 2
 4
 5
 6
 5
 3
 4
 1
 0
 -1
 -2
 -4
 -1
 -3
 -3
 -1
 1
 4
 6
 6
 5
 5
 1
 -2
 -1
 -2
 -2
 -2
 -4
 -6
 -4
 -7
 -4
 -6
 1
 0
 4
 3
 1
 -1
 -3
 -6
 -6
 -4
 -4
 -2
 -4
 -6
 -6
 -1
 1
 4
 3
 4
 5
 4
 4
 1
 3
 1
 2
 2
 2
 -1
 0
 2
 3
 4
 8
 10
 8
 5
 5
 4
 4
 4
 4
 4
 3
 2
 0
 1
 2
 4
 5
 5
 3
 3
 1
 -3
 -6
 -4
 -6
 -3
 -6
 0
 -2
 -1
 0
 -2
 0
 1
 0
 3
 3
 6
 3
 -1
 -1
 -4
 -6
 -4
 -6
 0
 -1
 1
 4
 5
 3
 7
 3
 4
 4
 2
 -2
 -3
 -5
 0
 3
 3
 3
 1
 -2
 -3
 -4
 0
 4
 4
 6
 4
 3
 0
 -2
 -4
 -3
 2
 4
 4
 5
 6
 3
 3
 4
 5
 7
 7
 10
 7
 10
 10
 7
 9
 8
 8
 7
 6
 5
 5
 5
 6
 8
 8
 10
 8
 8
 9
 8
 10
 8
 7
 9
 9
 9
 9
 4
 3
 0
 -1
 -1
 -1
 2
 5
 5
 6
 4
 1
 0
 -4
 -4
 -6
 -2
 -6
 -3
 -4
 -4
 -4
 -4
 -4
 -2
 0
 0
 0
 1
 -1
 0
 0
 0
 0
 -2
 -4
 -2
 -4
 0
 0
 4
 8
 8
 6
 8
 5
 5
 5
 5
 4
 5
 6
 5
 5
 4
 5
 4
 5
 6
 8
 10
 10
 6
 6
 2
 0
 -2
 -2
 -6
 -6
 -6
 -4
 -4
 -3
 1
 0
 0
 3
 3
 -1
 0
 -1
 1
 1
 0
 0
 0
 1
 0
 0
 3
 3
 3
 2
 0
 0
 -2
 0
 0
 -1
 0
 0
 0
 0
 -2
 1
 0
 3
 1
 3
 3
 3
 0
 -4
 -4
 -4
 -6
 -6
 -11
 -10
 -11
 -8
 -8
 -6
 -2
 -4
 -3
 -1
 -4
 -6
 -6
 -9
 -10
 -7
 -4
 -3
 -1
 -4
 -7
 -8
 -9
 -6
 -4
 -1
 1
 1
 0
 -4
 -4
 -4
 -3
 0
 3
 -1
 -2
 -2
 -4
 -3
 -1
 0
 -2
 -3
 -7
 -8
 -11
 -11
 -10
 -11
 -9
 -8
 -8
 -7
 -7
 -7
 -7
 -6
 -7
 -8
 -6
 -7
 -12
 -13
 -13
 -11
 -11
 -12
 -11
 -13
 -13
 -13
 -11
 -10
 -6
 -8
 -8
 -8
 -9
 -11
 -12
 -12
 -10
 -10
 -9
 -7
 -9
 -8
 -8
 -9
 -6
 -8
 -6
 -7
 -8
 -7
 -6
 -7
 -7
 -9
 -6
 -6
 -7
 -3
 -1
 -1
 -2
 -4
 -3
 -3
 -4
 -2
 -2
 -3
 -3
 -6
 -4
 -6
 -1
 -3
 0
 -1
 -1
 -1
 -1
 -3
 -2
 -3
 -6
 -2
 -6
 -6
 -7
 -8
 -6
 -3
 -4
 -1
 -3
 -3
 -2
 -3
 -4
 -3
 -3
 -3
 -6
 -6
 -9
 -6
 -7
 -3
 -2
 0
 0
 1
 -1
 -1
 -1
 0
 -2
 -3
 -6
 -4
 -6
 -6
 -6
 -6
 -5
 -6
 -4
 -7
 -2
 -4
 1
 2
 0
 1
 -3
 -2
 -6
 -6
 -8
 -6
 -4
 -4
 -4
 -5
 -7
 -6
 -6
 -8
 -7
 -9
 -8
 -9
 -10
 -10
 -9
 -9
 -7
 -6
 -6
 -8
 -6
 -9
 -12
 -8
 -8
 -8
 -7
 -8
 -8
 -10
 -11
 -11
 -12
 -10
 -10
 -7
 -8
 -9
 -11
 -10
 -11
 -11
 -10
 -11
 -11
 -11
 -10
 -7
 -7
 -7
 -7
 -8
 -7
 -9
 -8
 -8
 -7
 -9
 -4
 -3
 -2
 -2
 -6
 -6
 -8
 -7
 -4
 -5
 -3
 -2
 -2
 -3
 -2
 -2
 -4
 -6
 -4
 -8
 -6
 -4
 -6
 -1
 -3
 0
 -1
 -1
 -2
 -1
 -1
 0
 -1
 1
 1
 1
 1
 2
 0
 0
 2
 3
 3
 4
 5
 5
 6
 5
 5
 6
 5
 6
 7
 8
 7
 9
 8
 7
 7
 7
 8
 10
 10
 10
 11
 9
 7
 6
 8
 9
 10
 9
 10
 8
 7
 5
 9
 9
 9
 10
 10
 12
 9
 9
 6
 9
 8
 8
 10
 8
 6
 6
 5
 6
 6
 8
 7
 8
 8
 7
 6
 7
 5
 6
 9
 9
 8
 10
 6
 6
 4
 6
 6
 8
 9
 9
 11
 10
 14
 13
 12
 13
 12
 14
 14
 10
 12
 11
 11
 12
 12
 13
 13
 10
 12
 12
 15
 16
 18
 18
 19
 18
 19
 17
 19
 20
 19
 17
 19
 17
 16
 17
 15
 16
 15
 14
 16
 15
 16
 18
 15
 18
 16
 15
 15
 15
 14
 16
 16
 14
 12
 9
 9
 8
 10
 12
 11
 12
 12
 13
 12
 13
 16
 14
 15
 14
 14
 13
 13
 11
 12
 12
 13
 13
 13
 14
 14
 14
 15
 16
 14
 15
 15
 13
 13
 15
 14
 14
 14
 14
 13
 13
 13
 12
 13
 14
 16
 14
 14
 11
 11
 11
 14
 10
 10
 11
 12
 12
 9
 11
 11
 12
 11
 13
 15
 13
 12
 16
 12
 16
 13
 13
 15
 11
 13
 16
 13
 14
 19
 17
 17
 17
 17
 15
 16
 16
 17
 18
 16
 16
 15
 15
 14
 13
 15
 15
 14
 13
 15
 14
 15
 15
 15
 14
 16
 14
 11
 13
 11
 11
 11
 8
 8
 8
 6
 5
 6
 5
 4
 4
 6
 7
 7
 10
 12
 13
 13
 11
 12
 15
 18
 16
 18
 15
 14
 14
 16
 17
 16
 16
 17
 15
 19
 17
 19
 19
 17
 16
 16
 18
 17
 16
 17
 14
 14
 12
 14
 14
 13
 13
 13
 13
 13
 14
 12
 15
 16
 16
 16
 16
 15
 15
 14
 16
 15
 16
 17
 19
 17
 19
 17
 19
 18
 20
 21
 23
 21
 21
 18
 20
 18
 19
 19
 18
 19
 17
 18
 16
 15
 14
 15
 16
 17
 15
 15
 15
 13
 13
 12
 12
 11
 14
 10
 10
 12
 8
 10
 9
 7
 6
 9
 9
 8
 7
 9
 9
 10
 12
 9
 11
 10
 10
 10
 9
 8
 7
 8
 8
 9
 8
 8
 9
 7
 8
 8
 11
 11
 10
 11
 11
 10
 8
 5
 8
 7
 6
 3
 3
 1
 4
 3
 5
 5
 4
 3
 5
 6
 6
 4
 4
 4
 4
 5
 4
 3
 6
 5
 4
 6
 6
 5
 6
 5
 3
 4
 5
 4
 5
 6
 4
 5
 3
 2
 3
 3
 5
 7
 7
 6
 5
 6
 6
 4
 4
 4
 3
 2
 3
 4
 4
 8
 6
 5
 6
 7
 5
 5
 5
 5
 5
 6
 5
 4
 2
 3
 1
 3
 2
 3
 0
 0
 0
 0
 4
 2
 3
 2
 0
 3
 4
 3
 3
 5
 5
 6
 4
 6
 5
 6
 6
 5
 5
 7
 6
 9
 8
 12
 11
 14
 10
 11
 11
 13
 15
 16
 15
 16
 15
 16
 16
 15
 15
 16
 15
 16
 16
 18
 19
 19
 20
 22
 23
 21
 21
 22
 20
 21
 22
 24
 24
 23
 23
 24
 25
 25
 23
 24
 27
 28
 28
 29
 29
 29
 28
 29
 29
 29
 31
 28
 31
 30
 30
 32
 31
 31
 31
 32
 32
 32
 34
 33
 35
 36
 37
 36
 37
 36
 37
 37
 38
 37
 37
 37
 33
 33
 31
 33
 32
 31
 31
 32
 31
 31
 31
 30
 30
 31
 29
 31
 31
 28
 29
 28
 28
 29
 29
 30
 28
 30
 29
 29
 29
 29
 29
 31
 29
 28
 29
 27
 27
 27
 30
 27
 26
 27
 26
 24
 24
 24
 24
 22
 20
 22
 19
 21
 21
 19
 19
 20
 19
 17
 17
 20
 19
 20
 20
 17
 17
 16
 18
 17
 17
 16
 16
 18
 18
 16
 18
 19
 18
 16
 19
 16
 18
 16
 19
 17
 15
 14
 16
 16
 13
 15
 14
 15
 14
 13
 12
 12
 11
 10
 9
 9
 11
 7
 9
 8
 6
 5
 6
 6
 7
 6
 7
 7
 6
 6
 7
 6
 5
 5
 5
 4
 4
 4
 7
 8
 5
 6
 6
 5
 6
 7
 6
 6
 6
 5
 5
 5
 4
 6
 7
 6
 6
 5
 3
 3
 2
 0
 1
 1
 -2
 -3
 -6
 -6
 -8
 -6
 -9
 -8
 -9
 -10
 -9
 -10
 -11
 -9
 -9
 -10
 -12
 -12
 -10
 -13
 -11
 -11
 -13
 -11
 -9
 -10
 -10
 -10
 -9
 -8
 -8
 -9
 -9
 -7
 -8
 -5
 -7
 -2
 -7
 -4
 -9
 -8
 -11
 -9
 -10
 -10
 -8
 -10
 -9
 -9
 -10
 -12
 -9
 -10
 -9
 -11
 -10
 -11
 -11
 -11
 -11
 -11
 -12
 -11
 -11
 -13
 -14
 -16
 -15
 -15
 -14
 -13
 -12
 -13
 -12
 -15
 -14
 -14
 -14
 -13
 -15
 -14
 -15
 -13
 -14
 -17
 -17
 -17
 -14
 -15
 -14
 -16
 -15
 -15
 -17
 -14
 -14
 -16
 -16
 -16
 -19
 -18
 -20
 -20
 -20
 -21
 -18
 -18
 -20
 -19
 -21
 -23
 -22
 -22
 -22
 -20
 -21
 -22
 -20
 -23
 -23
 -22
 -22
 -21
 -20
 -20
 -20
 -19
 -20
 -18
 -20
 -19
 -19
 -18
 -17
 -17
 -16
 -19
 -15
 -18
 -18
 -18
 -18
 -19
 -20
 -20
 -20
 -20
 -19
 -18
 -19
 -18
 -20
 -19
 -20
 -20
 -20
 -19
 -20
 -19
 -21
 -21
 -23
 -21
 -23
 -24
 -23
 -23
 -22
 -22
 -21
 -22
 -19
 -20
 -21
 -21
 -18
 -20
 -21
 -19
 -22
 -20
 -20
 -22
 -23
 -23
 -24
 -24
 -26
 -24
 -25
 -25
 -27
 -27
 -28
 -27
 -28
 -27
 -25
 -25
 -25
 -26
 -27
 -26
 -28
 -28
 -24
 -24
 -25
 -25
 -26
 -24
 -25
 -26
 -24
 -26
 -25
 -25
 -23
 -22
 -25
 -23
 -23
 -23
 -24
 -22
 -22
 -25
 -23
 -25
 -25
 -24
 -24
 -25
 -25
 -23
 -24
 -24
 -24
 -23
 -27
 -25
 -26
 -27
 -27
 -27
 -28
 -29
 -29
 -29
 -30
 -28
 -28
 -27
 -31
 -29
 -29
 -29
 -27
 -27
 -29
 -27
 -29
 -29
 -30
 -29
 -29
 -30
 -29
 -29
 -29
 -31
 -30
 -31
 -30
 -31
 -29
 -29
 -30
 -28
 -27
 -29
 -27
 -28
 -28
 -27
 -27
 -28
 -30
 -30
 -30
 -30
 -31
 -30
 -30
 -29
 -29
 -30
 -28
 -30
 -29
 -32
 -32
 -30
 -34
 -33
 -32
 -31
 -32
 -35
 -35
 -36
 -36
 -35
 -33
 -36
 -35
 -36
 -35
 -37
 -37
 -34
 -36
 -34
 -33
 -31
 -34
 -34
 -35
 -32
 -32
 -29
 -30
 -32
 -31
 -30
 -29
 -29
 -29
 -29
 -28
 -28
 -31
 -29
 -28
 -27
 -26
 -26
 -25
 -23
 -23
 -26
 -24
 -25
 -24
 -23
 -24
 -22
 -23
 -24
 -24
 -23
 -24
 -23
 -22
 -24
 -24
 -22
 -23
 -23
 -22
 -23
 -25
 -23
 -23
 -21
 -22
 -21
 -23
 -19
 -20
 -20
 -20
 -19
 -20
 -18
 -18
 -19
 -19
 -18
 -16
 -17
 -15
 -12
 -13
 -13
 -13
 -10
 -10
 -12
 -11
 -10
 -8
 -10
 -12
 -13
 -11
 -11
 -10
 -13
 -11
 -12
 -11
 -12
 -11
 -8
 -11
 -12
 -12
 -10
 -11
 -12
 -9
 -7
 -10
 -8
 -10
 -9
 -10
 -11
 -12
 -11
 -11
 -9
 -12
 -9
 -10
 -9
 -8
 -6
 -4
 -3
 -3
 -2
 -2
 0
 -1
 0
 1
 0
 0
 0
 0
 1
 2
 1
 3
 0
 3
 4
 2
 3
 3
 3
 3
 5
 4
 4
 4
 4
 3
 3
 3
 2
 1
 3
 1
 3
 3
 3
 2
 2
 4
 3
 1
 2
 3
 4
 5
 5
 6
 5
 4
 6
 4
 5
 7
 3
 6
 5
 8
 6
 9
 9
 8
 10
 11
 10
 11
 11
 13
 13
 13
 13
 11
 13
 12
 11
 13
 12
 13
 12
 13
 13
 13
 12
 12
 11
 13
 14
 12
 12
 13
 9
 10
 12
 11
 11
 12
 12
 14
 13
 15
 14
 15
 14
 12
 12
 13
 14
 15
 14
 14
 15
 14
 13
 14
 12
 11
 12
 13
 14
 13
 13
 13
 13
 13
 14
 13
 14
 14
 15
 15
 15
 16
 16
 16
 15
 15
 16
 15
 14
 13
 14
 13
 12
 15
 13
 14
 12
 12
 14
 12
 12
 13
 15
 14
 14
 16
 14
 14
 13
 11
 12
 11
 10
 11
 9
 9
 9
 13
 10
 11
 11
 10
 11
 12
 8
 9
 8
 10
 8
 9
 7
 7
 7
 5
 8
 9
 8
 8
 6
 8
 6
 5
 7
 7
 7
 7
 7
 6
 8
 5
 7
 9
 6
 7
 8
 6
 7
 7
 6
 6
 6
 6
 6
 6
 6
 6
 6
 5
 6
 9
 6
 7
 4
 6
 4
 5
 1
 1
 0
 2
 1
 1
 1
 0
 1
 -2
 -1
 0
 1
 0
 1
 2
 2
 3
 0
 -1
 0
 2
 3
 0
 0
 3
 1
 1
 2
 2
 1
 3
 3
 4
 1
 -1
 1
 -1
 1
 1
 2
 2
 2
 1
 3
 3
 1
 3
 4
 4
 3
 3
 1
 3
 2
 0
 1
 3
 3
 4
 4
 3
 3
 0
 -1
 -1
 0
 1
 1
 -1
 0
 -1
 -1
 -1
 1
 -1
 -1
 0
 0
 -1
 0
 -2
 -2
 -1
 0
 0
 0
 0
 1
 -2
 -1
 1
 0
 2
 2
 2
 2
 0
 2
 0
 1
 0
 2
 3
 3
 3
 2
 2
 2
 3
 2
 2
 4
 5
 4
 6
 5
 5
 3
 4
 5
 4
 4
 5
 4
 5
 3
 3
 5
 5
 6
 4
 6
 4
 5
 3
 4
 3
 2
 3
 1
 3
 3
 1
 3
 1
 0
 -1
 -1
 0
 -3
 -2
 0
 -2
 -3
 0
 -1
 -1
 -4
 -3
 -3
 -2
 -4
 -4
 -2
 -4
 -3
 -2
 -2
 -1
 -1
 -2
 1
 -1
 0
 -2
 1
 -1
 1
 0
 -1
 0
 0
 0
 0
 -2
 -1
 -2
 2
 -2
 -2
 0
 1
 0
 -2
 -1
 0
 0
 0
 -1
 1
 2
 2
 0
 1
 2
 1
 2
 1
 2
 1
 1
 1
 0
 1
 2
 1
 3
 3
 1
 3
 2
 2
 0
 0
 2
 0
 0
 0
 1
 0
 1
 1
 2
 1
 4
 1
 2
 3
 3
 2
 4
 3
 3
 1
 1
 3
 0
 0
 0
 -2
 0
 0
 1
 1
 0
 1
 -1
 0
 2
 1
 -1
 -1
 0
 0
 2
 0
 0
 -1
 -2
 -2
 -1
 0
 -2
 -1
 1
 -2
 -1
 -1
 -1
 -2
 -2
 -1
 -1
 0
 -2
 -4
 -3
 -4
 -4
 -2
 -3
 -4
 -4
 -2
 -3
 -3
 -3
 -3
 -3
 -3
 -3
 -6
 -6
 -6
 -8
 -3
 -6
 -2
 -6
 -4
 -8
 -4
 -6
 -6
 -6
 -4
 -3
 -1
 -2
 -2
 0
 -2
 -3
 -2
 -3
 -4
 -3
 -6
 -6
 -7
 -8
 -6
 -9
 -8
 -8
 -8
 -11
 -11
 -9
 -9
 -9
 -10
 -6
 -9
 -9
 -9
 -9
 -8
 -9
 -7
 -8
 -8
 -8
 -10
 -8
 -9
 -8
 -8
 -8
 -7
 -3
 -7
 -2
 -8
 -2
 -7
 -7
 -7
 -7
 -7
 -7
 -9
 -7
 -6
 -7
 -4
 -4
 -2
 -2
 -3
 -2
 -1
 0
 0
 0
 1
 -1
 -2
 -2
 -3
 0
 -2
 0
 -1
 -2
 0
 -3
 -3
 -2
 -4
 -4
 0
 -2
 -4
 -2
 -2
 -4
 -6
 -3
 -6
 -3
 -6
 -6
 -8
 -8
 -7
 -9
 -8
 -9
 -7
 -8
 -8
 -9
 -6
 -8
 -6
 -4
 -6
 -3
 -6
 -3
 -6
 -6
 -4
 -3
 -3
 -3
 -1
 0
 0
 1
 0
 -2
 0
 0
 1
 1
 0
 0
 0
 1
 -2
 -2
 0
 -2
 0
 -1
 0
 1
 -1
 0
 1
 2
 0
 -1
 -1
 -1
 -2
 -2
 -1
 -3
 -2
 -2
 -2
 -2
 -4
 -3
 -3
 -3
 -4
 -2
 -3
 -2
 -2
 -3
 -3
 -2
 -2
 -2
 -4
 -4
 -4
 -3
 1
 0
 -1
 0
 -2
 0
 -1
 -1
 2
 2
 0
 3
 3
 1
 0
 0
 1
 1
 1
 1
 2
 1
 2
 2
 1
 3
 5
 2
 2
 3
 3
 2
 3
 2
 4
 1
 3
 2
 3
 6
 4
 5
 5
 6
 5
 7
 6
 8
 6
 6
 6
 5
 3
 6
 5
 4
 5
 3
 5
 4
 3
 5
 4
 4
 5
 4
 4
 3
 3
 5
 4
 2
 4
 6
 4
 5
 4
 4
 5
 6
 4
 4
 5
 5
 5
 5
 7
 6
 7
 6
 7
 8
 7
 6
 4
 5
 5
 6
 5
 8
 7
 4
 6
 5
 4
 5
 4
 4
 5
 3
 2
 3
 3
 2
 2
 3
 2
 4
 3
 3
 1
 3
 1
 3
 1
 4
 0
 -1
 1
 1
 -1
 0
 0
 2
 3
 2
 1
 0
 1
 0
 0
 0
 1
 0
 -1
 -1
 1
 -1
 0
 1
 1
 -1
 1
 -2
 -2
 -1
 0
 -1
 -3
 -3
 -3
 -2
 -2
 -1
 -3
 -4
 -5
 -7
 -7
 -6
 -9
 -9
 -10
 -7
 -8
 -8
 -9
 -10
 -10
 -8
 -8
 -7
 -8
 -7
 -8
 -9
 -9
 -7
 -7
 -8
 -7
 -6
 -7
 -8
 -8
 -9
 -10
 -9
 -6
 -7
 -9
 -8
 -10
 -8
 -7
 -8
 -9
 -10
 -12
 -13
 -8
 -10
 -11
 -12
 -10
 -10
 -11
 -9
 -8
 -11
 -11
 -12
 -12
 -11
 -12
 -11
 -10
 -13
 -12
 -11
 -12
 -13
 -12
 -12
 -13
 -13
 -12
 -13
 -13
 -13
 -12
 -13
 -12
 -10
 -13
 -13
 -11
 -12
 -12
 -11
 -12
 -12
 -11
 -11
 -12
 -13
 -10
 -10
 -10
 -10
 -11
 -8
 -9
 -8
 -9
 -10
 -7
 -8
 -7
 -8
 -6
 -7
 -7
 -7
 -6
 -6
 -8
 -8
 -8
 -7
 -6
 -7
 -6
 -6
 -8
 -7
 -7
 -8
 -6
 -10
 -7
 -7
 -2
 -8
 -6
 -7
 -9
 -7
 -6
 -9
 -8
 -8
 -9
 -8
 -9
 -7
 -8
 -11
 -8
 -6
 -8
 -7
 -8
 -6
 -7
 -6
 -7
 -7
 -8
 -6
 -6
 -6
 -3
 -4
 -3
 -3
 -1
 1
 -2
 0
 -2
 0
 1
 3
 1
 0
 3
 2
 3
 3
 3
 4
 4
 4
 2
 3
 4
 2
 3
 3
 4
 1
 3
 3
 2
 3
 2
 3
 4
 3
 1
 3
 2
 2
 2
 0
 3
 0
 2
 3
 6
 5
 6
 6
 6
 7
 7
 7
 7
 7
 6
 7
 7
 8
 7
 9
 6
 7
 7
 7
 6
 8
 9
 9
 7
 8
 11
 9
 9
 8
 8
 8
 7
 8
 10
 10
 10
 9
 11
 11
 11
 11
 11
 12
 13
 12
 12
 13
 13
 13
 12
 14
 12
 11
 11
 14
 13
 14
 14
 13
 11
 14
 14
 13
 12
 12
 13
 12
 13
 13
 11
 11
 12
 10
 10
 10
 9
 10
 10
 8
 8
 7
 9
 9
 8
 8
 8
 8
 8
 8
 8
 7
 8
 10
 9
 8
 9
 8
 8
 8
 7
 8
 8
 7
 8
 10
 8
 9
 7
 7
 7
 9
 7
 6
 7
 8
 8
 8
 8
 7
 6
 6
 6
 5
 8
 6
 6
 4
 4
 4
 4
 3
 4
 5
 5
 1
 2
 3
 2
 1
 2
 1
 3
 2
 2
 4
 4
 2
 4
 4
 4
 3
 4
 4
 3
 5
 6
 3
 3
 5
 3
 6
 5
 5
 5
 4
 3
 3
 4
 3
 1
 4
 3
 4
 3
 4
 3
 2
 4
 3
 2
 3
 4
 3
 3
 1
 2
 3
 3
 5
 3
 3
 1
 1
 1
 2
 0
 3
 3
 2
 4
 3
 3
 4
 2
 3
 4
 3
 3
 3
 3
 4
 2
 2
 3
 3
 4
 3
 1
 3
 3
 3
 2
 3
 3
 3
 2
 3
 4
 3
 4
 3
 2
 3
 0
 3
 3
 1
 2
 2
 3
 2
 1
 0
 3
 0
 0
 -2
 0
 0
 0
 0
 0
 -1
 0
 -3
 -1
 -2
 0
 -2
 0
 -1
 -1
 -3
 -2
 -6
 -3
 -3
 -3
 -3
 -2
 -6
 -2
 -6
 -4
 -6
 -4
 -6
 -7
 -8
 -9
 -6
 -6
 -8
 -8
 -10
 -7
 -10
 -8
 -9
 -9
 -10
 -9
 -10
 -9
 -10
 -7
 -8
 -7
 -9
 -9
 -8
 -8
 -9
 -7
 -10
 -8
 -8
 -9
 -8
 -9
 -10
 -8
 -10
 -11
 -10
 -10
 -12
 -11
 -9
 -10
 -11
 -10
 -10
 -9
 -10
 -10
 -8
 -12
 -9
 -12
 -8
 -9
 -9
 -7
 -9
 -9
 -8
 -8
 -10
 -10
 -11
 -11
 -11
 -11
 -11
 -11
 -11
 -10
 -11
 -11
 -12
 -11
 -13
 -11
 -13
 -12
 -12
 -13
 -12
 -12
 -13
 -13
 -12
 -12
 -13
 -13
 -12
 -12
 -13
 -12
 -13
 -10
 -13
 -12
 -10
 -12
 -12
 -11
 -10
 -12
 -13
 -10
 -11
 -11
 -10
 -9
 -10
 -10
 -10
 -10
 -10
 -9
 -9
 -11
 -8
 -8
 -10
 -9
 -10
 -10
 -10
 -10
 -8
 -10
 -10
 -10
 -12
 -10
 -10
 -11
 -10
 -9
 -9
 -10
 -11
 -11
 -12
 -11
 -9
 -11
 -11
 -8
 -10
 -10
 -11
 -9
 -9
 -10
 -8
 -11
 -10
 -9
 -10
 -10
 -9
 -10
 -10
 -10
 -11
 -9
 -12
 -11
 -9
 -9
 -10
 -9
 -11
 -10
 -10
 -10
 -9
 -9
 -10
 -10
 -10
 -10
 -10
 -12
 -10
 -8
 -9
 -11
 -11
 -10
 -11
 -10
 -10
 -10
 -11
 -9
 -9
 -10
 -8
 -8
 -10
 -8
 -9
 -9
 -7
 -3
 -6
 -3
 -6
 -6
 -6
 -7
 -6
 -7
 -7
 -4
 -6
 -2
 -4
 -2
 -2
 -2
 -7
 -6
 -9
 -8
 -8
 -7
 -8
 -7
 -7
 -7
 -4
 -7
 -1
 -6
 -1
 -3
 -2
 -3
 -3
 -3
 -4
 -1
 0
 -1
 0
 0
 1
 1
 -1
 2
 0
 1
 0
 0
 3
 4
 3
 3
 2
 3
 4
 3
 5
 3
 4
 3
 6
 4
 5
 3
 5
 5
 4
 5
 6
 6
 5
 5
 5
 6
 8
 7
 7
 6
 5
 7
 8
 8
 7
 7
 9
 7
 7
 7
 6
 6
 6
 6
 5
 5
 6
 5
 7
 7
 7
 7
 8
 8
 6
 7
 6
 6
 7
 8
 8
 6
 6
 6
 5
 7
 7
 6
 8
 5
 6
 7
 6
 7
 7
 7
 5
 7
 6
 7
 7
 6
 7
 5
 4
 5
 7
 6
 5
 4
 5
 5
 3
 4
 4
 6
 6
 7
 4
 6
 5
 5
 6
 7
 6
 5
 4
 6
 5
 4
 4
 5
 5
 5
 5
 3
 4
 4
 3
 4
 4
 5
 4
 4
 3
 3
 5
 4
 3
 3
 3
 7
 5
 8
 6
 6
 7
 8
 8
 7
 8
 8
 8
 9
 9
 9
 5
 8
 10
 7
 7
 10
 9
 9
 8
 10
 10
 8
 8
 9
 8
 9
 11
 10
 10
 9
 8
 10
 9
 8
 9
 10
 10
 9
 8
 9
 8
 8
 8
 8
 8
 9
 10
 8
 7
 6
 6
 8
 8
 9
 8
 8
 8
 8
 8
 7
 9
 8
 7
 8
 8
 9
 9
 8
 8
 9
 9
 9
 9
 9
 8
 9
 9
 9
 10
 10
 10
 9
 10
 9
 9
 9
 10
 9
 10
 8
 9
 11
 9
 11
 9
 10
 10
 10
 10
 7
 9
 9
 10
 9
 9
 9
 9
 9
 8
 10
 9
 9
 10
 11
 9
 11
 9
 10
 10
 9
 8
 10
 10
 8
 8
 7
 6
 8
 7
 6
 5
 6
 5
 8
 4
 6
 5
 8
 5
 6
 6
 6
 6
 8
 7
 8
 8
 6
 7
 7
 9
 8
 7
 8
 9
 9
 10
 10
 10
 10
 10
 11
 7
 7
 10
 6
 6
 8
 7
 8
 10
 7
 7
 9
 9
 8
 7
 8
 8
 8
 7
 8
 8
 7
 8
 7
 7
 8
 7
 4
 10
 6
 7
 7
 7
 5
 6
 8
 5
 6
 6
 6
 6
 6
 6
 5
 6
 7
 6
 4
 4
 5
 6
 8
 5
 5
 4
 6
 5
 5
 5
 6
 5
 5
 9
 6
 7
 6
 6
 6
 6
 5
 7
 5
 5
 6
 8
 5
 5
 5
 4
 5
 5
 5
 5
 6
 6
 5
 6
 5
 4
 4
 4
 6
 6
 7
 7
 8
 5
 7
 6
 7
 5
 7
 7
 6
 6
 8
 7
 6
 8
 8
 5
 7
 6
 7
 6
 8
 6
 7
 6
 8
 7
 6
 8
 6
 6
 6
 6
 6
 5
 6
 9
 6
 8
 8
 6
 5
 6
 9
 6
 5
 5
 6
 7
 4
 7
 4
 3
 5
 3
 2
 4
 3
 2
 0
 0
 3
 1
 1
 -1
 0
 -2
 -1
 -1
 0
 -3
 -3
 0
 0
 1
 -1
 -1
 0
 -1
 -2
 0
 -2
 -3
 -1
 -1
 -1
 -3
 -2
 -2
 -2
 -3
 -3
 -4
 -3
 -2
 -4
 -4
 -4
 -3
 -3
 -2
 -5
 -4
 -3
 -3
 -4
 -3
 -6
 -4
 -6
 -3
 -5
 -3
 -3
 -3
 -4
 -3
 -6
 -1
 -7
 -6
 -6
 -6
 -7
 -7
 -7
 -6
 -4
 -4
 -2
 -2
 0
 -4
 -1
 0
 -2
 -2
 -2
 -3
 -2
 -2
 -3
 0
 1
 0
 -2
 -1
 -3
 0
 -1
 -1
 -3
 -1
 0
 0
 -2
 2
 0
 -1
 -1
 0
 -1
 1
 1
 0
 3
 2
 1
 0
 2
 2
 1
 1
 1
 0
 2
 0
 3
 3
 4
 2
 1
 2
 2
 4
 2
 3
 4
 3
 3
 3
 4
 3
 3
 4
 3
 4
 4
 3
 3
 3
 1
 1
 2
 2
 2
 3
 3
 1
 3
 5
 4
 1
 3
 4
 4
 6
 5
 4
 7
 5
 4
 6
 6
 7
 6
 8
 9
 10
 9
 9
 11
 7
 10
 9
 7
 10
 9
 8
 8
 6
 7
 7
 8
 7
 7
 6
 7
 8
 6
 6
 8
 7
 5
 7
 5
 6
 6
 6
 7
 7
 5
 6
 5
 4
 6
 7
 6
 7
 4
 5
 4
 5
 5
 6
 4
 4
 4
 3
 3
 4
 3
 4
 4
 2
 4
 3
 2
 3
 3
 2
 3
 0
 3
 2
 3
 3
 2
 3
 3
 4
 3
 2
 2
 2
 1
 3
 3
 2
 2
 4
 3
 2
 4
 3
 3
 3
 4
 3
 3
 3
 4
 3
 2
 5
 4
 4
 4
 4
 3
 5
 5
 4
 4
 4
 3
 4
 4
 5
 4
 5
 5
 4
 5
 5
 5
 4
 5
 5
 6
 5
 3
 4
 6
 4
 5
 4
 5
 6
 4
 4
 6
 6
 6
 4
 4
 6
 7
 7
 9
 6
 7
 6
 6
 6
 6
 7
 7
 7
 6
 5
 5
 8
 5
 4
 6
 4
 4
 3
 6
 3
 2
 4
 3
 2
 2
 4
 2
 3
 3
 0
 1
 -1
 1
 4
 3
 4
 5
 4
 4
 3
 4
 3
 4
 5
 5
 5
 4
 4
 4
 5
 4
 5
 4
 4
 4
 4
 2
 3
 4
 2
 3
 3
 3
 3
 1
 3
 3
 2
 3
 1
 1
 3
 4
 4
 3
 1
 3
 0
 0
 1
 1
 2
 1
 0
 1
 0
 1
 3
 1
 4
 1
 1
 3
 1
 3
 -1
 2
 3
 1
 3
 3
 3
 4
 3
 3
 4
 5
 3
 4
 4
 4
 3
 2
 2
 4
 4
 2
 4
 3
 3
 5
 3
 3
 4
 4
 3
 5
 3
 4
 4
 5
 4
 5
 4
 6
 3
 5
 4
 5
 4
 6
 5
 4
 5
 4
 5
 4
 3
 3
 4
 4
 3
 2
 4
 3
 5
 5
 3
 4
 3
 3
 3
 2
 3
 2
 1
 1
 0
 0
 2
 0
 0
 0
 1
 0
 1
 1
 -1
 0
 0
 0
 2
 2
 1
 0
 0
 0
 -1
 -1
 0
 0
 0
 0
 -1
 0
 -1
 0
 -1
 -3
 -4
 -3
 -4
 -6
 -3
 -7
 -3
 -6
 -4
 -6
 -6
 -6
 -6
 -8
 -6
 -8
 -9
 -8
 -8
 -8
 -7
 -8
 -6
 -8
 -9
 -8
 -9
 -10
 -8
 -9
 -9
 -10
 -9
 -9
 -8
 -10
 -8
 -9
 -8
 -12
 -10
 -10
 -11
 -12
 -11
 -11
 -12
 -11
 -10
 -12
 -11
 -10
 -10
 -10
 -12
 -12
 -12
 -13
 -13
 -10
 -13
 -9
 -10
 -10
 -10
 -12
 -11
 -12
 -10
 -11
 -13
 -11
 -11
 -9
 -12
 -10
 -13
 -11
 -12
 -10
 -9
 -12
 -9
 -10
 -11
 -12
 -11
 -11
 -12
 -10
 -9
 -10
 -13
 -12
 -9
 -11
 -14
 -12
 -13
 -11
 -12
 -11
 -13
 -11
 -12
 -14
 -12
 -13
 -13
 -12
 -13
 -11
 -13
 -13
 -13
 -12
 -12
 -13
 -13
 -13
 -12
 -12
 -13
 -12
 -13
 -14
 -13
 -13
 -12
 -12
 -11
 -12
 -12
 -12
 -12
 -12
 -12
 -12
 -13
 -13
 -11
 -11
 -11
 -12
 -13
 -14
 -12
 -13
 -14
 -14
 -15
 -13
 -16
 -14
 -17
 -17
 -16
 -14
 -16
 -15
 -17
 -17
 -16
 -17
 -16
 -14
 -15
 -13
 -13
 -14
 -13
 -13
 -13
 -13
 -12
 -13
 -13
 -13
 -13
 -11
 -13
 -12
 -13
 -12
 -12
 -11
 -13
 -13
 -12
 -12
 -11
 -13
 -11
 -11
 -11
 -12
 -11
 -11
 -11
 -12
 -11
 -11
 -12
 -9
 -11
 -11
 -12
 -11
 -9
 -11
 -11
 -10
 -11
 -9
 -10
 -10
 -10
 -9
 -10
 -8
 -10
 -8
 -7
 -9
 -7
 -8
 -11
 -7
 -9
 -8
 -7
 -10
 -8
 -8
 -7
 -7
 -7
 -7
 -3
 -5
 -1
 -3
 -3
 -3
 -3
 -2
 -1
 -3
 -3
 0
 0
 -4
 -3
 0
 -1
 0
 -1
 2
 2
 0
 0
 0
 1
 0
 1
 3
 2
 2
 3
 2
 1
 1
 2
 2
 1
 3
 4
 3
 1
 4
 3
 4
 4
 4
 3
 2
 1
 2
 1
 1
 2
 1
 0
 0
 0
 -1
 1
 -1
 1
 -1
 -2
 -1
 0
 -1
 -2
 -1
 -1
 1
 -1
 0
 -2
 -1
 -1
 0
 3
 0
 2
 0
 1
 1
 2
 3
 1
 1
 1
 3
 1
 3
 2
