% name: utt1
% type: matrix
% rows: 74
% columns: 12
 -1.2918 1.41698 0.389452 0.664329 0.531871 0.171098 0.0946618 0.27412 0.474134 0.574907 0.303789 0.542182
 0.0194557 1.88906 0.436008 0.635785 -0.239737 0.064921 0.282946 0.552701 0.5813 0.300365 0.499233 0.544392
 -1.18691 2.27979 1.03152 0.963696 0.103165 0.0423503 0.374162 0.464801 0.813559 0.484184 0.279941 0.630888
 -1.35721 2.06953 1.02963 0.650844 -0.199512 -0.440958 0.115878 0.2688 0.446752 0.47471 -0.211634 -0.023758
 -1.52025 2.22985 0.79011 0.0242298 0.220308 -0.0695064 -0.312903 -0.111528 0.368116 0.675522 0.058796 -0.228995
 -0.792209 1.97782 1.02743 0.829258 0.311523 0.327553 -0.192665 0.134427 0.190098 0.0719672 0.0939669 0.33192
 -1.13429 0.917008 0.346402 1.21199 0.266344 0.0714257 0.049036 0.726706 0.948007 0.822808 0.330813 -0.0284355
 -1.96709 -2.80083 -0.225289 1.61865 0.367896 0.593138 -0.185391 0.619117 0.747896 1.01691 -0.00918216 0.0247027
 -1.10959 -0.463571 0.632645 1.86012 0.640052 0.137427 -0.265019 -0.0264503 0.176526 0.373329 0.134932 -0.0771169
 -0.921702 1.93995 1.01871 0.725717 0.143598 0.0866691 0.505891 0.338916 0.389827 0.518788 0.114536 -0.0612803
 -0.911525 1.87581 0.688048 0.514972 0.140837 0.362081 0.52688 0.231835 0.0395028 0.360708 0.417556 0.323824
 -1.04275 1.91261 1.02168 1.06924 0.750494 0.636948 -0.0841255 0.289663 0.761557 1.11942 0.459145 0.0878175
 -1.27056 2.06852 0.601292 0.460138 0.395018 0.797891 -0.158031 0.112761 0.129644 0.572291 0.402108 0.463503
 -1.36266 1.98268 0.93209 0.606305 -0.078259 0.150842 0.0705326 0.384466 0.351132 0.312366 0.324494 0.548511
 -1.4924 1.71929 0.576351 0.833853 0.307949 0.251254 0.099367 0.2417 0.15741 0.192654 0.168819 0.365868
 -0.963461 1.97671 0.810279 0.863924 0.607864 0.414832 0.257801 0.103176 -0.127556 0.182664 0.268332 0.213128
 -0.772698 1.96523 0.411061 0.257432 0.0568977 0.242664 0.0532311 0.642788 0.241503 0.51852 0.646413 0.278478
 -1.19605 1.78784 0.702076 0.713541 0.347502 0.375778 0.118946 0.383404 0.144299 0.371175 0.378396 0.13541
 -0.780065 1.84308 0.332429 0.131088 0.331371 0.351759 -0.11562 -0.174167 0.0447924 0.315585 -0.0246818 0.0280808
 0.435647 2.405 0.955619 0.256528 -0.448687 -0.216427 0.204192 0.0507531 -0.18756 0.0483797 0.477683 0.602277
 -0.168009 2.20339 0.915109 0.329417 -0.228381 -0.281455 0.221018 0.157566 -0.128803 0.256377 0.218597 0.386603
 -0.140491 1.70018 0.126422 0.505368 -0.246802 0.0278726 0.137301 0.455788 -0.0804586 0.322453 0.852216 0.432487
 4.47381 -0.519957 -0.779196 -0.405621 -0.75112 -0.304579 -0.927075 -0.254987 -0.038558 -0.0194916 -0.0383323 0.123607
 4.76407 0.606381 -0.493389 -0.0283522 -0.595859 -0.42361 -0.977778 -0.480501 -0.0969325 -0.140095 -0.126293 -0.0104635
 6.38997 4.5474 1.28445 -0.280566 -1.1624 -1.03485 -0.917923 -0.527983 -0.773458 -0.326831 -0.481244 -0.613731
 8.09749 3.31371 0.671763 -0.976006 -2.28374 -1.34139 -0.551326 -0.423031 -1.14093 -0.707544 0.0847566 -0.821354
 7.64248 2.34998 0.302372 -1.39718 -2.84683 -1.30985 -0.527022 -0.502517 -1.24963 -1.05022 -0.246393 -0.752181
 8.153 1.73211 0.388685 -1.6109 -3.11881 -0.514271 -0.59866 -0.305301 -0.812397 -1.38781 0.18292 -0.786102
 6.29356 1.91647 0.0102381 -2.0277 -2.49607 -0.724148 -0.425833 -0.158583 -0.736938 -1.06844 -0.205399 -0.554727
 7.06883 1.56189 -0.145666 -2.39512 -2.90821 0.442811 -0.586567 -0.114474 -0.637536 -1.11105 0.0774955 -0.425009
 6.90113 0.506892 -0.471834 -2.4764 -2.25897 0.727352 -0.219307 -0.204634 -0.747659 -1.3427 -0.0958321 -0.272387
 6.67339 -0.26067 -0.50747 -2.1278 -1.92661 1.42402 -0.162592 -0.299289 -0.798046 -1.53603 -0.0588882 -0.2696
 5.8708 -0.673691 -1.24467 -1.88412 -1.20667 1.58475 0.0519599 -0.831056 -0.687451 -1.50583 -0.0633903 -0.304218
 6.17689 -1.68826 -1.09636 -1.59469 -1.2631 1.98207 -0.10652 -0.968592 -0.345183 -1.72158 0.280412 -0.782493
 5.5398 -1.70508 -1.24635 -1.15725 -0.683846 1.69995 -0.391477 -1.06211 -0.0449245 -1.51667 0.193125 -1.05814
 5.41457 -2.05027 -1.10299 -0.697632 -0.70586 1.29035 -0.769404 -0.984149 0.117138 -1.18862 -0.0534003 -0.869638
 5.4415 -2.61523 -0.67978 -0.293951 -0.730758 0.92656 -0.803419 -1.14136 0.567373 -1.33912 0.055688 -0.867857
 5.64171 -3.00853 -0.427466 0.0814218 -0.961867 0.841702 -1.20406 -0.843954 0.549094 -1.20659 -0.056641 -0.749858
 6.13506 -2.90116 -0.386676 0.623319 -1.15935 0.528455 -1.4132 -0.51363 0.522461 -1.16595 -0.147109 -0.60255
 6.093 -2.03847 -0.41806 0.760833 -1.06494 -0.0268786 -1.25219 -0.326653 0.487063 -1.08654 -0.269283 -0.538411
 6.16322 -1.14967 -0.173592 0.262534 -0.943279 -0.077396 -1.49273 -0.0115473 0.350015 -1.23267 -0.457176 -0.41759
 7.12611 -0.914335 -0.0604474 0.765679 -1.39165 -0.162847 -1.62882 0.152358 0.0525296 -1.32041 -0.519641 -0.527666
 6.0629 0.731819 0.503402 0.854313 -0.606579 -0.871091 -0.983711 0.138851 -0.280461 -1.29484 -0.983281 -0.398659
 6.83884 1.85025 0.976915 1.26999 -0.570143 -1.41719 -1.07785 -0.326277 -1.41129 -1.20522 0.215092 -0.277628
 6.35532 2.02639 0.940888 1.14681 -0.279364 -1.29579 -0.756699 -0.413192 -1.62545 -1.22076 0.306735 -0.0241552
 5.63149 2.11537 1.26108 1.44344 0.14114 -1.03833 -0.731865 -0.205494 -1.60227 -1.08711 0.535642 0.342582
 5.17395 2.7944 2.28626 1.91406 0.0649079 -0.817994 -0.0326937 0.048415 -1.42126 -1.14019 0.604281 0.0400511
 4.40161 2.0347 1.97607 2.83494 0.786189 -0.0850288 0.326796 -0.680222 -1.45591 -0.882395 0.555293 0.44463
 3.73126 1.9865 1.7142 2.84858 0.659084 0.111232 1.42178 -0.0150141 -1.4303 -0.423699 0.587451 0.441982
 3.18174 1.59217 1.18976 2.52858 0.896893 0.214274 1.20836 0.101408 -1.08404 -0.541622 0.688586 0.44693
 2.54155 0.905522 1.09376 2.13483 0.808488 0.326959 1.07138 0.479144 -1.26591 -0.187196 0.79578 0.40171
 1.64219 0.621452 0.699284 1.95145 0.428068 0.547543 0.950407 0.602298 -0.802453 -0.504727 0.346709 0.0352604
 1.24426 0.911281 1.05408 2.08479 -0.138176 -0.211703 0.915253 0.611173 -0.933024 -0.525657 0.285305 0.317243
 1.05797 0.992945 0.361914 1.70188 0.0299121 -0.392237 0.504676 0.229266 -1.23603 -0.992653 0.3177 0.51466
 0.931591 1.14262 0.321665 1.31134 0.0746492 -0.0701757 0.374813 -0.064241 -1.14689 -0.270339 0.323665 0.295747
 0.998481 1.68798 0.466182 1.72677 0.579278 -0.0862744 0.184333 0.542094 0.158648 0.0254147 0.36873 0.735682
 1.21931 2.09194 1.36694 1.90517 0.485719 0.309446 0.979503 0.625638 -0.256726 -0.4563 -0.148307 0.446335
 0.892185 1.89459 1.11901 1.41887 0.36127 0.332108 0.512802 0.505131 0.237687 -0.0776515 0.21011 0.530611
 0.509903 2.2173 1.31781 0.948394 -0.0322049 0.0525457 0.221971 0.207017 0.504704 0.50921 0.451051 0.717271
 0.4915 2.80671 1.41996 1.34923 0.467657 0.513903 0.308421 0.404689 0.159903 0.116432 -0.225091 0.46287
 -0.0803437 2.20939 1.27144 1.15408 0.580941 0.461742 0.24521 0.179857 0.166686 0.273264 0.0108138 0.258088
 0.151513 2.81568 1.51973 0.672076 0.377369 0.478676 -0.107015 0.319696 0.898787 0.971976 0.279114 0.550456
 -0.104541 2.73527 1.30498 1.16352 0.774986 0.905987 0.778145 0.656408 1.00997 0.939835 0.575678 0.274548
 0.261832 3.09686 1.43193 1.52935 1.02752 0.768015 0.517602 0.307825 0.631028 0.45625 0.399285 0.456213
 0.396036 3.1773 1.84021 1.23783 0.903385 0.478348 0.184793 0.636548 0.373093 0.397812 0.256958 0.314681
 -0.697836 2.75792 1.70532 1.35216 0.896317 0.481872 -0.217533 0.314924 0.596466 0.883012 0.47561 -0.217562
 0.357827 2.86824 1.53616 1.22234 0.950642 0.963742 0.735956 0.702981 0.702092 0.900938 0.606367 0.713446
 0.252842 2.49851 1.26757 1.59971 1.2527 0.557362 0.459866 0.761968 0.183874 0.587635 0.639446 0.501426
 -0.322554 2.13726 1.11729 1.38855 0.799972 0.675732 0.189589 0.805384 0.213425 0.0841307 0.437871 0.374067
 0.0448079 3.40836 1.69853 1.20288 0.407243 0.708413 0.586519 0.621312 0.932147 0.541442 0.16991 0.145813
 -0.320167 2.55919 1.14222 1.32284 0.816918 0.294509 -0.0854514 0.205945 0.335347 0.651733 0.713967 0.183977
 -1.28413 1.42342 0.877127 1.24483 0.998781 0.254653 0.142368 0.623596 0.582201 0.583418 0.672609 0.526606
 -0.986948 1.69164 1.14529 1.21172 0.340647 0.217554 -0.000733461 0.35712 0.393889 0.702005 0.801591 0.163018
 0.00247468 2.09786 0.870608 0.693858 0.494467 0.873522 0.390302 0.735625 0.523462 0.718434 0.694143 0.262058
